4651
680
1321
4187
6689
6015
4439
6619
3230
8211
5252
7802
1345
1517
454
5018
24
535
8219
7482
8621
2812
603
3480
3002
8434
7621
1378
1144
4535
3978
4991
1989
7466
1951
2786
1141
8236
1791
335
986
974
6424
3136
4966
2092
4532
3634
3136
1515
259
5804
5422
3119
1215
3160
3706
5064
128
4901
2248
3302
3025
5068
1239
4402
7771
2810
3094
7767
1064
2093
1960
1745
3027
5722
6203
3877
886
1014
2430
5857
3716
2275
3113
5053
3896
4614
2833
8571
2022
3287
5532
4298
1848
1193
1754
2321
1635
5506
388
7514
8204
2253
3337
3397
1565
4238
5439
8143
6820
6045
7576
2434
3630
5663
4813
4215
6968
5610
6966
6249
5606
3352
1275
2412
208
8741
8061
902
3537
164
8888
4077
5601
2758
2405
5649
4606
2405
7315
3394
4551
3897
654
8893
7409
1240
6363
1436
6429
35
170
7708
2482
7111
8477
4227
7079
5745
3560
4833
5764
806
482
3214
5401
1674
931
997
4318
5607
5262
8527
2813
5392
4921
7267
3758
4782
698
4172
1033
4899
8381
3099
3385
4621
7235
1719
4655
3053
7061
7651
4972
1193
7849
7615
8427
7951
4020
7481
6238
7267
2737
133
8024
8475
1969
58
515
6032
475
3880
5211
560
3638
8119
347
1674
3133
1097
2342
1169
4010
4667
2880
1821
8158
7199
3487
2894
3951
1758
428
7547
4219
2500
3046
1442
4869
2388
4817
7240
1374
5103
843
8499
4925
311
7767
1798
6010
6192
3998
2485
3031
4505
5578
6690
3368
1743
4069
6391
1413
7955
1858
4341
3677
1541
3729
4708
3030
921
7633
5156
8402
7921
8561
3852
3635
7227
5879
488
2267
2300
2157
3672
3853
5333
3681
2767
2232
5254
2644
3522
6197
8816
4254
2282
4407
3167
5600
4579
3267
5327
4297
733
1288
7502
1677
3570
264
3499
6978
5050
3791
4414
3645
5132
4916
6400
6941
4294
6222
4900
4134
3182
8808
3630
2482
505
2424
7682
3706
2173
5341
5128
4211
963
5783
4247
4487
2727
6251
7304
3961
682
4799
7149
7197
1543
2227
5497
8942
5245
8137
6009
1442
4621
3086
2460
5468
4884
3073
3319
3009
8803
6579
3156
605
4805
6200
1947
2967
817
2909
1897
554
8161
7690
1353
229
4242
2738
2193
8333
3797
8265
1142
8921
2509
6046
7450
5278
6794
1185
2237
2916
8829
5558
785
3313
5725
106
6395
7077
3153
1189
2543
4854
7463
5497
5035
2445
5917
579
2902
2360
6702
1455
4250
2601
6335
3881
1289
2967
7578
1617
1292
2355
3266
1654
4401
5998
3921
1558
470
8993
5399
8220
4353
3717
5835
2668
361
7461
1143
7980
3587
8104
4375
8043
4982
3035
474
4118
3744
3262
3085
7016
6500
1166
1484
1954
2771
4156
562
3707
5052
7571
7642
1002
4215
8904
5727
6514
4966
3341
7617
3813
1981
8478
2274
1156
5376
4687
7192
3998
3591
6957
7435
519
5342
8405
8969
1418
7672
883
8624
4658
2645
4420
3556
6710
97
7005
857
8068
6407
4669
620
4895
2670
2992
1053
8947
6938
8006
567
864
5454
5139
6179
1589
3457
3112
6098
3416
8191
4339
3514
6075
4754
7826
4163
4392
744
1909
682
5153
4638
6405
5550
6913
6245
5223
7409
4055
4868
7886
4105
3005
3502
2264
8911
4411
878
3776
6063
1721
960
3284
146
1645
5738
8295
1144
8506
3747
5105
162
8850
4842
8797
7231
8196
2146
348
5238
1217
6756
5209
5356
7276
5910
7156
8189
6729
2867
2099
5248
1752
1691
542
2166
4081
8421
2313
6763
2681
170
2216
4225
6798
827
773
2769
6480
5358
2374
5707
2121
4892
7533
7832
2782
3239
7400
78
1542
2618
5466
3316
5795
6641
73
1263
6582
324
2050
8172
888
1998
5857
3302
3126
3866
7478
5227
7908
5640
5908
8722
3014
6492
1404
327
3195
55
6482
2146
875
5715
2781
1125
82
4841
5133
5557
8445
5126
1888
875
6805
8917
2086
3563
2985
926
6734
3948
3265
6064
7392
2921
4401
3466
581
6287
6130
5241
7187
5929
8775
8205
5093
5345
6950
6940
6042
2208
8149
1667
2197
263
6216
466
3950
2446
6088
3599
2887
1701
742
4318
2561
1681
1345
120
7503
282
2844
8218
1899
6467
83
6296
4968
3305
5679
4824
25
3807
1271
4251
1024
6313
8082
2258
4401
1592
1635
7478
1191
6374
5404
3795
3055
7114
8630
221
3596
3766
5232
2724
2835
5535
2126
7892
1656
8685
2652
3000
4832
7755
5643
6111
8169
8657
6002
3151
4686
2913
3617
10
3888
4670
3723
5038
8274
372
8602
7698
731
2244
831
1574
8577
2646
793
3057
3620
1748
6198
5209
816
3420
1584
639
4112
8511
1986
4616
4655
288
6515
875
7664
8951
2114
2064
3290
6038
5859
2174
7764
3643
352
4592
5471
6584
7460
2552
4771
8952
6748
4045
2930
8138
3207
1921
3013
5746
7143
4134
2755
103
5136
8682
6193
695
4561
1504
167
3970
2793
5201
999
6245
2380
451
1531
101
1062
8297
5007
2799
8911
8643
6725
3517
1183
439
3088
284
4299
6032
5731
12
1777
7430
3058
2503
4761
2766
5641
4526
2821
2492
5188
1216
4907
3366
7303
8684
791
3674
4439
2682
1934
5451
1280
4901
2673
6672
4161
8003
3382
1646
229
5104
5526
7583
7131
3559
2282
570
1976
1035
2079
3685
299
3541
5332
2329
1697
7327
3097
2461
4091
6113
4706
693
3813
7369
6860
4956
5576
3064
4728
7160
5658
8507
5958
1766
7660
3935
5099
6181
2804
2561
2798
5654
8284
5628
3695
5412
4691
1524
2217
8897
4507
3491
5291
4210
6371
3738
4953
2860
4357
51
4848
1303
794
4316
1977
65
2413
8823
5829
8174
8821
439
2467
2895
3775
2469
2677
1232
2092
6740
2418
3615
679
5802
6624
1314
298
5096
7183
8111
6048
668
358
3810
8014
8133
8976
1195
1606
1534
5495
5206
4556
4975
293
4831
157
3176
4366
6485
2076
5943
5754
8478
6511
2148
2049
7931
1841
8731
3576
7366
5570
6666
2051
7801
6524
3060
1603
97
903
733
1994
939
2671
8743
1581
8118
5956
3980
1258
3641
8883
3605
3769
1206
8427
7290
5551
2535
2778
3203
641
2207
6361
8758
2127
2405
7597
3402
8833
4109
5184
8972
4166
119
3592
8520
4354
7036
2222
3002
719
718
1585
5165
7032
6519
5299
2572
3522
7141
2484
1807
5220
148
6311
6705
1889
5525
3106
5735
7363
5262
4777
1155
8722
6034
5645
1354
1197
4330
449
4178
6296
347
6086
1569
5903
4298
2679
4690
8762
6310
7935
3345
2105
2397
3522
7920
4586
8449
1522
1139
4448
7284
7531
2306
6014
1818
6456
28
1181
2903
3351
3636
6171
4400
4426
5263
6533
4814
3104
5227
3942
3680
4172
5047
183
7088
6012
4406
7105
1706
1612
5429
2601
5064
1668
6568
572
81
2248
296
4708
2587
5550
784
3401
6830
5637
2664
4563
8803
6092
6657
3910
4669
7601
489
1063
6751
83
4818
3207
7135
3282
2623
2126
2649
1933
7438
6025
4814
76
716
8127
8447
1192
5221
8753
132
1191
1691
5656
1698
3077
5034
2387
3541
3695
6145
4145
4914
5721
2395
827
2656
5731
775
5046
319
2751
6068
1952
3786
8830
1513
8120
2633
100
5364
3563
1651
6321
8002
4269
2554
6241
7303
7269
8567
990
8526
6620
191
4589
7034
1542
6502
6759
2446
1481
4979
1296
426
799
4540
8997
8951
5623
2068
5849
3054
3881
4201
4625
523
8113
5427
7450
4992
5323
2099
159
6647
7400
7968
2335
1679
568
143
2766
8628
1273
4996
4658
1904
5422
3468
4129
3262
5827
6525
8161
3408
7856
984
2769
4151
1461
1998
4550
3052
725
6801
6936
3725
2494
2020
1591
3234
7296
7206
4215
8352
8819
3666
2140
3941
3318
4506
5378
4181
8485
3014
8507
509
6587
4976
8551
8750
3073
1410
2071
3253
6061
2114
1891
16
1862
4516
5901
4883
4222
3016
5405
619
10
1214
3797
1171
5159
4367
4496
4718
8605
2470
8575
3252
272
3927
5301
4456
5732
7199
4060
249
553
7789
6654
8976
3559
391
329
4233
2788
8287
1765
2702
8292
1255
5135
6272
488
842
7299
8543
5450
1222
4501
4420
3287
7207
1945
8677
3246
4366
6477
2817
7833
5426
2227
2564
1594
5669
6851
7245
5536
3738
3488
5839
2601
405
2569
349
8489
5036
203
905
5076
7292
4869
2614
5649
5424
2781
4484
1985
1838
5497
1085
3406
2865
4209
1246
2534
5606
8427
1231
2186
7169
670
8007
434
7672
4267
3090
8524
8596
4920
1484
2332
4403
3016
6626
5782
1800
8168
4759
1034
2935
6514
1836
720
5795
3727
1988
1740
387
465
5623
5635
7925
703
1685
3007
8457
6381
3302
3822
1714
5067
3231
2786
200
2188
832
7981
7801
2298
2116
8812
7209
6135
2904
7558
3680
2047
191
2060
8355
2357
2509
5114
2893
3812
859
8631
8159
2743
682
2794
2662
1554
2604
6565
2493
8386
4959
3719
5738
7194
5603
2685
5373
4417
6543
3416
1830
2264
5599
7365
5550
4176
6792
4032
8042
2355
2479
8338
6571
2865
3279
1718
4489
359
257
2590
3785
7291
4625
5107
236
1714
5846
2117
530
4166
2130
663
1567
3538
83
7087
4173
1976
5034
5205
5114
3454
7002
3186
412
3547
3723
5282
4554
5360
2887
8501
5740
8565
2796
5666
926
1849
6668
7061
6785
3335
2857
8539
5290
6861
4325
7147
6887
4262
4377
1856
3935
3131
388
6788
1330
8965
4838
5351
1297
8199
3390
6265
487
1553
7561
8020
3056
2351
3860
493
8864
8396
5108
2228
4944
8593
6507
5489
1748
1755
8086
2082
641
5708
5565
4251
2437
1584
6266
6125
703
4882
3934
3338
1545
2120
7664
7736
1114
4877
8255
2412
3193
5501
8546
7784
5783
1158
4782
3616
6509
3390
80
4386
5374
5103
3964
5469
238
778
3766
1515
4763
4787
7654
8201
7130
6505
897
8790
2205
4609
4653
3610
6892
8019
8261
5674
2610
2581
1502
4753
8849
3550
8633
913
2360
6070
1755
3362
6164
4909
7217
306
1085
1817
8959
126
155
7235
7475
6263
6208
1100
8358
2369
4471
2532
4459
232
302
8948
4363
6684
8144
2605
4831
1214
3902
2960
5376
4107
7343
1015
1388
4921
2821
11
6457
1176
8691
3520
5199
411
5780
1502
8641
527
3676
6074
5701
6739
5517
5948
7956
4984
3931
7602
5956
2018
2849
4189
7468
5904
2600
5890
631
8193
6900
2707
1564
2368
3738
1247
757
8897
423
3264
4048
4180
875
5659
1899
1346
2222
8102
3915
181
1673
4573
8102
3389
6056
2005
942
1512
3150
3772
3185
5594
2330
8608
6360
813
7224
2592
189
4490
2955
8200
6321
2449
898
753
2852
7845
5697
4760
2838
7900
530
997
253
7334
227
7792
3448
180
1673
3583
3412
6771
6893
3482
2965
4344
4542
4875
5655
3670
4200
1960
3013
3477
5507
35
5482
1206
8535
1876
3366
6253
8822
1340
6747
6270
146
8462
832
3179
10
7994
4022
3476
223
7697
4002
3120
5707
5632
3202
8252
5060
2254
7108
1666
4390
6632
6059
7267
5103
4000
5802
1375
1566
7745
5574
1716
1838
4295
5520
574
160
5124
616
7406
8727
1685
2528
3790
2200
5151
8464
3996
4985
7396
4861
741
5393
5890
2744
3044
8849
3446
1028
2963
4705
4573
7544
369
8174
635
1366
4684
355
4543
378
129
3357
6247
3407
5026
6196
1400
2959
535
1270
5297
7266
384
6830
1368
8513
1658
1534
1965
5354
7664
8344
166
4119
2564
5803
1426
5962
4390
2219
3802
5916
1852
6914
2245
3471
6523
6263
1563
328
6909
5220
6932
5049
603
1404
5842
1533
3404
5924
7068
8366
3455
5282
6317
4116
4814
6219
3444
6942
2524
1073
1365
1886
1960
2205
8376
520
2
2665
7272
4563
4565
5450
3879
1443
5661
8284
8536
1790
4756
3406
3637
6382
6336
15
2266
934
3734
4697
2066
5137
8013
4628
984
7599
4708
3351
2704
7393
1974
7363
4912
6775
4592
7120
7545
6416
311
1796
7890
4154
2287
7369
5383
5690
562
6199
238
3935
1118
4050
962
4882
4506
4597
7323
2488
1529
4318
1822
5131
2976
2940
8777
8966
2717
1007
4170
3904
8169
1431
2560
2850
6751
5287
850
620
1645
7419
6903
5221
1395
2408
1710
5018
2978
8315
1494
1337
4495
4084
7992
8510
4263
6748
3148
6718
6309
7358
8826
7650
1266
1674
3651
6222
7772
1175
7414
1931
7426
2186
5382
625
8407
7978
8412
5353
7126
2046
3362
6050
4549
2705
5472
8114
7420
4228
8522
6504
6679
8269
8185
6063
2730
1103
1249
734
150
3362
5051
1958
2697
3940
2780
4027
1634
3744
6
5967
6205
4286
3469
2419
1043
2011
6652
5191
6055
819
3841
1916
4244
4916
8751
2591
7179
6061
1123
7505
2555
718
5801
6934
5345
7586
647
963
4963
4002
1562
7907
2728
7388
1576
5819
4275
4916
4526
7028
1263
5353
1035
665
4596
948
4092
7418
3786
5748
2793
5937
2838
4430
8072
7899
4747
5651
6521
6552
6387
3593
1450
6726
3462
5703
6660
6515
874
643
381
3882
6700
5591
711
4049
4430
2932
6913
4696
1450
1061
924
388
3717
2991
569
5860
6767
4895
1849
1804
7378
4205
4637
1481
6505
207
911
8891
651
1425
8873
4282
7512
6756
460
3018
8155
8372
5444
2617
392
3895
1234
4267
857
1443
3362
5331
5364
6471
3599
3077
3743
3532
8923
4425
2670
6109
2739
7683
588
1877
4722
2953
4632
5232
1324
5877
2282
6157
4518
4572
8327
6466
7821
2638
5489
3369
2356
2790
5218
5225
2650
7388
2930
352
4940
3625
7567
240
6998
8515
1005
8087
479
666
5791
796
7790
2282
8732
1718
1104
2690
6989
2991
3764
6916
3093
7665
6520
3990
8802
1936
4868
8569
2100
4216
8920
6808
1828
3896
2994
1594
935
5992
834
5620
8203
4222
98
4313
3832
2263
3696
4139
2906
2613
1894
3407
6951
2076
2188
3419
1612
3305
7332
2339
7517
4525
6159
741
8876
5070
4014
6018
2746
3838
7235
1822
6876
145
6936
329
2551
1313
1392
2287
3631
8868
6957
2229
7821
3817
1994
5533
6167
734
1570
4308
1084
4686
4321
8465
5624
7377
5562
6769
7517
2652
1032
1249
6843
7962
3904
1116
4497
2467
5654
8774
2972
3525
2680
8927
8799
3488
1705
6060
1012
7014
6326
5666
114
187
1366
684
2776
1665
821
3648
7432
4535
2106
2077
5160
6163
2122
4576
5453
2101
3476
3439
1528
5206
6471
4629
2694
5698
8616
1695
1714
7402
7793
5262
94
8828
5390
8142
8827
174
3729
879
3085
4369
1241
5290
3138
2235
7158
7966
1307
6672
985
2395
7388
4306
8258
5118
6881
4598
4161
7407
4330
5312
3913
1992
2385
1954
17
2087
3761
2377
2133
5269
241
3881
3981
1304
5649
1290
1029
4661
4661
6411
3605
7258
1967
1070
7881
8228
7218
6956
1835
3132
2012
3626
2543
1711
1987
220
240
2966
4587
8601
4633
1747
4775
4039
2239
1342
1287
4673
5197
5391
4448
1630
5664
2612
4402
980
2164
7213
7662
6548
4734
2542
7631
6080
2755
4557
8075
4826
1649
4501
4873
3175
8509
7362
733
6196
7061
6061
2737
2351
7879
4770
3783
186
1481
6777
1389
3907
3611
3682
5815
4695
6250
4813
8083
6176
3142
2856
2929
6517
8134
3914
2442
4050
4794
8280
1803
7711
2489
7389
3874
4293
3972
5768
5184
5245
1282
8112
1879
3419
6246
1131
1221
3796
911
392
6058
4044
670
6985
3543
6116
949
2630
8375
1642
198
8021
6314
4488
3233
758
1432
3321
6586
1007
4811
3753
2355
2411
3616
8013
8237
3104
5760
1564
541
5160
5265
2508
829
4744
10
8759
4952
8112
4543
1295
1650
2995
5538
5744
2767
3800
2867
725
2051
1159
4697
7502
3818
504
2833
1880
1505
2104
6254
6486
100
8269
4675
1318
3553
4517
8837
6591
2525
5026
843
5282
1526
3729
3082
542
1465
7418
1892
6256
7141
3322
8818
3059
3392
8424
5090
2837
8416
8685
1170
1130
308
2375
4277
2924
3228
7576
4165
7603
4190
8538
2427
1266
3955
2102
7731
954
8001
254
1547
3523
5386
3943
21
8304
3861
5474
2898
466
6556
5053
610
2608
5557
1638
4394
7398
221
5544
1317
3563
7530
7089
6
143
8207
4115
676
5365
2646
1450
127
8365
2457
4589
8795
3661
3377
4696
7098
3209
3955
3001
1855
8577
4768
650
4528
7810
4812
4166
6715
2088
8729
2319
4013
738
844
6120
4982
7470
3504
887
3417
782
6778
413
7803
3403
5157
7864
5786
4202
2399
7209
5520
3004
3459
42
4511
626
8800
5306
1727
6800
35
5140
1439
8498
5336
3124
656
8509
3511
4180
2760
5239
5757
8991
2582
6273
5247
2260
2849
8275
7814
6244
1933
3705
8984
7183
5200
6237
1667
1180
594
4406
1832
432
1532
7103
373
7489
3811
1802
6435
8915
8525
2055
5714
8714
3843
8167
1529
3130
3895
4958
7650
3492
8528
3969
293
5945
2707
8500
5876
659
4732
1383
4264
346
4870
7394
6626
7157
2967
6214
5644
714
8336
6318
953
3632
1171
4222
5249
4762
2629
2634
5034
991
8679
3931
3172
2400
3167
6894
8803
433
892
2061
7611
3
5443
4906
679
6729
819
6384
5338
2170
8840
6972
3994
375
7325
2885
5721
8878
243
5224
78
134
634
1575
3467
2891
7277
363
576
1612
7307
3543
4985
7027
5875
4335
404
1157
168
2801
8317
3379
5477
7194
3805
4232
8171
7916
6320
8468
5416
2735
2805
4201
6514
590
396
5036
2684
8547
4308
2125
545
7245
330
8778
1511
7305
4048
8513
8989
6727
1909
4405
1176
4551
7570
8307
3746
6156
5789
30
157
2639
4761
1055
5382
7583
7238
8113
1133
479
5485
1788
4116
4128
2654
8352
951
137
6149
3757
7667
6740
4115
5584
2425
5076
4689
1128
8268
4220
1474
8026
3497
6105
937
1682
5944
7866
5641
5211
7088
1886
652
2305
5639
4231
4102
3348
4122
2078
5386
3664
457
4728
2693
2451
7735
3423
2778
4039
57
4036
2246
3193
189
5459
5238
3488
4773
2599
1013
8386
1572
5192
8497
2195
1136
1371
5112
3872
440
5537
3192
5667
24
1121
4540
5583
1875
2018
7134
1039
7608
308
5881
5466
2313
2191
4086
7162
3623
3023
8202
6197
2634
6214
8693
4403
6576
5210
7958
6226
1579
2385
4445
3318
440
3897
3617
8524
868
7373
7803
5713
2290
357
3683
4823
2436
8789
5354
5584
1118
4153
2816
6174
3041
231
4894
8690
2030
886
1278
3755
1536
5886
5242
1753
4184
880
4714
8322
531
998
1515
3301
8879
7510
324
7670
8918
2596
5594
6450
1058
2782
831
7115
4889
6451
7438
4470
6211
6686
10
3002
5034
1768
1895
1532
4840
8668
2225
2993
240
7031
3212
8627
3326
8176
2308
1992
4144
8652
4110
7111
881
5085
5287
8789
2300
2475
3107
4279
3774
4139
2224
7553
2351
6152
3165
3262
1170
639
4605
8824
1090
840
6824
5635
3455
2770
8971
7669
1754
6461
6887
7505
670
4942
8824
2236
5880
7134
5207
8471
6480
2852
8522
7190
6023
7621
3258
2976
6107
7785
3445
7073
1970
415
726
3924
8500
1092
3482
8157
4179
5920
2123
454
8911
2385
5914
3928
2797
6652
4185
3820
4264
1977
5871
4202
5843
3919
4903
2522
5694
3104
5099
498
6023
7750
3741
4144
5562
6414
6839
111
2644
1620
2004
5135
733
8919
4398
2912
5708
7950
8008
3455
7703
1747
3607
1149
931
4487
205
4940
145
5678
4822
4364
7722
1924
2143
2365
1692
7625
8411
4925
2324
3081
4160
3380
7903
431
5642
4670
7060
5875
1790
5088
3013
7401
7826
8023
1126
924
7787
7550
4548
3594
398
2134
3258
2554
5491
3011
807
4388
5863
8261
2260
4520
3905
4068
4365
281
6383
184
327
4435
2930
5087
2817
4027
7760
4856
5061
8758
4720
3095
3168
3325
2283
7082
7848
575
1185
6628
3702
679
4457
8984
676
6776
5070
2505
2705
5214
1958
5175
3770
3871
204
4940
1147
5489
241
5415
3391
6982
4294
1673
909
7350
6157
3910
4267
3691
8217
4111
879
2251
2291
2998
7659
457
6630
2345
3377
2213
4998
5402
7143
5277
2444
2950
6909
8732
8397
6437
5797
1746
5244
498
5314
1925
2372
4596
6548
4998
5419
6243
946
471
1827
5174
2250
7259
7083
3365
3013
3110
5502
6291
1222
2751
4626
7614
7180
3475
8956
4930
4982
2597
6522
5139
5335
3922
4344
4082
5979
3521
679
5161
2920
715
4827
1122
3048
5879
8372
1461
886
3514
4304
3840
7343
2781
5174
476
3915
4287
7478
7870
3675
3076
7296
5052
4798
4990
6786
3352
639
979
2797
1353
5225
440
5882
3720
2678
5404
4353
4112
4675
3344
4067
4715
6097
3014
7801
3504
4240
6974
4891
4505
2396
3353
1182
7044
6236
7552
2312
1824
7633
2485
2790
2963
3156
2108
720
6281
4483
2851
3170
2688
934
3600
3518
3618
3564
6330
2361
2714
3155
1962
1420
3050
3384
6291
12
1812
6524
8648
4067
1720
88
382
4120
8486
418
2802
5597
4925
5672
3699
4879
5211
8388
7058
2523
5221
2921
6769
5927
81
4069
5219
4887
3690
3440
5219
3602
637
1940
4559
5796
3698
389
5174
772
6772
2658
4607
5137
8972
8404
2052
3984
7522
3407
2807
241
2238
3296
1764
2324
863
6566
4952
6950
418
6155
3319
3680
7685
2940
4180
2377
2916
1711
3757
8875
6555
4093
1693
564
4245
3632
3014
6742
7349
999
5478
6664
3811
7376
2978
3286
5738
1333
4521
6863
423
4610
5778
494
2012
4621
183
6684
574
1487
6260
5539
1156
3419
1539
4630
3841
3868
314
4855
1772
6579
552
3384
4590
874
4235
2071
8971
2235
3294
5716
8636
7676
3169
4204
4492
7951
5017
5027
5306
708
4970
4094
6319
5899
4402
991
7057
8575
5143
2476
7758
1204
8748
3362
5261
757
5288
8309
6714
2007
2415
3891
3256
1482
6766
723
1884
1073
1977
1712
2247
2088
7103
82
7604
3277
5848
8599
1923
8546
5086
3973
2397
7106
3634
4084
8177
3786
2816
6690
238
4330
877
5446
2682
2716
1000
3873
3371
7540
8903
2178
572
8664
7803
1497
1458
8634
2527
3238
6279
4596
8421
4931
4591
1620
2322
1639
6265
7744
2659
7277
2400
3987
5216
5428
7587
8553
5767
6464
6650
239
412
1465
4658
3966
4911
4314
7450
4226
7631
1060
3631
5030
4894
4380
4205
3258
8237
2251
8887
5672
6890
7421
945
939
2510
5789
4147
8193
8356
4054
7377
7307
8735
2908
7617
8546
2891
5421
2732
7716
3359
5282
4753
6943
8873
4106
6615
6174
5346
8905
1905
3866
2971
8620
3503
6786
2153
7777
738
6629
4518
5349
1255
3679
2344
8445
6065
7979
4973
1225
1648
873
8295
2950
2694
5224
7188
1036
388
3925
8929
4487
7456
5717
5529
353
8058
8767
8848
2240
8544
4109
2397
3803
3182
8004
1559
611
121
402
3015
7048
3822
3408
1031
6714
3702
8017
1601
617
446
1714
5811
1415
3644
1569
4185
1852
2948
2531
7844
5626
4412
4440
602
8554
4332
8802
1477
8774
5643
3671
3800
8193
7533
1674
3704
4052
8529
721
8799
5979
3059
4146
1895
4239
5541
6560
7421
493
8627
4365
6699
6679
1463
4151
1131
1257
6074
3000
7273
4366
221
3201
2041
4948
719
5895
3528
5510
199
8297
631
2465
620
3704
8093
7809
7259
3383
5180
1172
2441
8734
2520
4279
857
98
7987
6944
3360
8167
7900
8188
4184
6664
912
7514
1594
1238
4266
7999
5167
192
2408
8403
5409
7042
6166
2340
3877
6689
2335
697
316
4437
5720
2370
2186
3088
2255
1935
8494
5278
2388
4334
5363
1525
3752
5073
8335
8976
4987
1262
7698
3415
6834
7033
8521
2224
3417
6879
6212
1220
684
1861
4605
2755
7261
960
8546
8793
3025
5230
5436
4950
548
5037
7328
736
1822
1794
1166
4788
77
1341
8489
1693
6077
8115
2246
4419
5694
3772
1584
440
7957
1902
5475
303
8182
4426
8536
8838
8
3277
1961
8206
6801
3826
8149
2808
4548
2757
3966
5531
3695
4179
2041
2851
4698
7553
150
3739
5157
3498
7817
142
1810
813
7216
7874
8067
4206
3261
1639
2917
740
1270
711
1045
1827
3636
7278
2817
6795
3969
6932
7314
5016
2525
7432
3488
6539
4762
5167
1511
6833
7703
1070
7594
5267
3770
2900
5045
8342
7025
1403
1086
8267
5915
3537
8559
2001
8563
6402
5677
7186
2525
4128
253
7388
5684
4773
864
1409
658
7328
1307
921
8769
1063
53
1614
7130
7220
4787
5472
4172
8595
4550
3954
6264
4395
3095
141
7747
7531
6873
660
339
3894
7072
503
8925
6466
473
3483
7070
1789
1338
1738
6584
8682
7395
2728
248
315
5045
1534
7014
6702
5498
5346
2877
2637
3790
5406
8203
7505
308
4695
3
3415
1947
3097
6697
3894
3587
3066
813
1455
5243
92
4148
46
757
1159
5356
304
7884
1062
4367
4005
1356
3201
2129
2793
2019
8251
2453
7421
3814
4917
228
2515
3295
5506
184
7466
7710
6140
5593
8942
438
4088
4733
3764
5433
1909
4109
6716
8143
3962
7246
4040
5171
6496
3285
492
1774
6734
1287
6167
1920
4468
8080
425
379
8899
6306
4845
4739
6675
5232
8969
8187
1732
2883
1235
4418
3729
7749
487
1742
433
2476
5598
5687
3192
1729
2313
3055
742
4930
422
3081
4174
8741
4786
1544
4042
486
5256
1497
5317
907
3664
6531
1561
3805
7652
4629
3050
2402
1192
7609
3043
8081
2032
113
159
4429
8469
1175
3531
7414
123
3681
1842
7284
2109
8604
4768
7350
1642
1040
5468
1450
6797
2285
4248
3285
695
4148
5522
549
815
57
5656
3821
8949
1280
1255
4777
1283
4757
3885
1203
1461
6032
1960
5597
8547
5761
2278
3560
8508
817
8206
6740
7077
2649
759
4537
835
518
2240
4326
445
870
736
2495
6981
252
4087
1980
3553
5506
3956
2800
4189
3607
2768
6760
2963
223
5066
8517
5382
1667
61
3083
5555
2528
4432
2050
8336
444
5052
6916
8882
8446
8883
3105
4786
3717
4638
6136
8647
3365
1264
8447
6546
4109
3418
4900
6790
276
2230
6589
3047
6430
3080
3133
5220
2977
897
2816
3952
1789
8718
5929
8029
8195
8225
2385
3042
5596
4182
2227
6111
7662
8089
582
4565
7099
46
5035
7404
3754
5233
415
1079
3338
4223
899
2707
7524
1388
26
2224
1881
1750
7323
6199
1372
5722
576
3453
8969
1670
8054
5430
8965
7615
6918
4302
8368
540
1835
588
7033
6834
5837
80
1320
8665
7045
3750
5314
271
5146
3955
3976
572
7411
7879
5777
470
3958
8748
4842
8502
841
4663
7923
322
1439
3836
636
2164
8021
5998
4335
7395
2965
2367
3695
3800
7818
3797
5266
6676
3606
4503
5723
8896
4393
5430
8219
3094
2475
4679
2385
294
8627
3807
495
58
1560
5504
551
1702
1504
6700
1358
107
8184
4127
1016
4235
6820
4169
2612
3866
1647
3484
1001
1811
4820
2852
4889
7352
4342
8253
1229
414
4110
2273
4954
7736
3739
433
1154
5155
5246
6395
949
3762
3542
6494
1994
6794
6305
5594
129
7169
1405
8003
5083
7923
2366
3552
3451
3069
48
7270
6935
374
4336
2107
8578
8098
5398
4544
716
7201
1629
8198
1965
2984
894
5164
733
2750
4650
8903
4903
6745
7823
1724
8935
8521
1589
1346
6186
8902
2281
5324
1453
206
4474
2229
5497
2490
7466
8476
901
8505
2623
5627
5037
8693
834
3322
2337
1589
279
7873
7105
6122
5583
2102
3687
3110
634
7459
4917
337
6001
4492
2201
854
8044
3504
3151
3086
2839
6430
6070
7412
7314
7074
2877
2713
8152
7712
535
7248
4344
4687
5140
4892
7331
7082
1163
6176
8533
6219
5476
2232
7136
7881
5523
2783
2453
1132
4986
128
8452
2630
8510
8249
1910
8108
4045
5396
913
8101
750
8415
7508
1634
6802
7711
2220
3399
3649
2889
6670
1897
5080
5970
1885
4153
4690
1599
7231
3792
3300
2991
3675
5555
3205
3327
4741
1169
7342
5462
2453
1746
5334
6923
4861
2946
1122
5603
906
3278
8523
2400
2085
1406
184
838
8650
7460
5366
4664
8488
8733
6932
2346
914
3477
764
3872
22
7640
3647
2463
1772
7462
1336
890
5609
3958
1980
425
6013
1270
8696
8308
7633
2762
6324
5654
6869
2747
447
4784
8993
6146
8499
5467
1314
6926
4794
91
4784
1473
6152
6784
8678
3322
8731
1582
3545
1950
7033
4863
2436
2648
1169
663
2059
8460
1581
7601
7183
446
990
753
1866
3632
4232
921
6987
2987
4295
6175
4484
2870
8594
3639
3714
7653
119
5013
3349
3308
248
6438
6272
780
2941
1496
5227
564
4346
4695
2504
8084
5978
7041
6578
8894
1835
7948
5549
1703
8964
1230
5162
2597
20
7077
7625
6344
869
1649
2588
1589
5905
3503
3658
6217
7404
2823
2889
4851
7091
5784
1479
2142
2323
2338
8491
4581
396
6548
6119
1208
4887
3111
3209
5598
4023
2747
2195
4307
6972
169
7880
1996
7597
5240
8695
2840
4879
4036
4613
5433
1528
3548
1494
4427
865
7315
7083
445
4012
8089
787
3894
4619
354
2675
7226
3505
5127
2944
8173
8116
3700
5799
134
5459
7203
6226
2552
3148
3351
622
6365
986
7267
899
5700
373
4323
1187
8181
8858
7771
8911
1642
5405
2247
6958
5472
6916
3531
5824
6902
3150
6588
4202
3254
1403
1007
2594
3514
7622
592
4261
2112
8336
4285
855
2816
8079
2932
6987
358
3887
2626
52
2124
7887
6758
6579
