2711
390
1862
8304
257
3683
6856
6668
7833
6983
4639
2989
3844
5468
5933
574
6640
8428
83
9341
6674
4102
5044
575
9502
1392
4859
5202
2327
4943
7680
7666
8120
725
104
1024
4482
5226
715
8096
4678
5838
1369
6178
1846
797
5439
4260
9336
7173
4598
2742
3739
8020
9086
142
2028
1846
8105
2140
9818
845
6202
7632
921
6161
1824
2667
6628
8763
7294
9092
9639
6060
5789
9404
3372
371
2851
5699
2212
2287
5878
4844
8793
2290
1260
2671
193
7959
9413
7631
9605
2613
9947
5803
4723
8531
1864
4136
1729
783
7017
1038
3987
9258
642
2001
750
3702
594
8580
2398
7811
4456
6697
8581
4870
3110
5116
9637
2699
3605
3697
8272
7613
8842
2283
2942
9619
1991
2158
5471
5181
3621
919
6033
9759
64
8683
8660
4941
4403
2189
5756
8809
566
4100
2199
2824
565
1724
272
59
9667
1580
3059
2317
8895
5544
9426
7769
8134
6071
8663
6030
6921
8552
1754
2916
5120
1680
4134
2881
7791
3112
9655
4136
5831
3765
6631
8930
1792
5111
745
2287
743
8966
9093
7838
6659
8586
9526
9579
380
5498
1696
6505
1741
1047
2470
3409
6569
2442
2091
9257
348
9067
199
904
7108
7156
3980
5065
6576
2421
8442
2655
2439
2761
8320
5464
1996
2777
2867
2676
6817
975
5620
9959
1754
6654
1629
1405
2099
560
9804
2142
2212
2304
2228
19
2644
2185
8704
3287
6940
7470
9481
993
7293
6316
570
1122
2549
2317
2274
1242
4157
2254
1065
4384
8407
915
8023
2561
6327
8682
2433
9783
4062
8973
4854
638
383
444
3145
7524
6524
5834
1487
2624
9232
503
6332
2612
7571
1470
4841
9413
6041
3839
9320
2411
6460
512
875
1860
795
2064
7490
605
9891
6988
388
5716
5197
8277
2000
1880
1208
1458
820
1122
4649
1570
2910
3448
1328
5636
3632
3423
5804
1147
1257
6848
3986
6652
914
2543
1210
9018
4839
9368
9770
932
8183
923
8887
8476
5085
2330
8489
3884
2576
9391
9631
517
5495
3475
5859
7512
8753
4989
6479
1576
2868
2376
9599
8911
372
1641
5737
3232
2231
6543
8779
4381
8023
6795
7412
282
7336
5026
3638
2721
6122
3056
6122
328
1632
9952
7588
2624
738
6858
2488
8975
5265
1083
7998
9696
2985
6139
6706
1450
2540
1707
847
7582
9500
1053
1965
7685
6040
7993
2471
410
6795
7069
6834
7667
6754
309
7948
2101
4397
2795
721
6408
215
9697
1652
4249
2921
652
6140
3024
3756
4611
7677
2545
2638
3513
9592
2822
6374
9431
9653
4989
5899
9101
3104
8414
1411
6618
6146
5440
6040
363
9458
1692
767
2352
3579
641
6924
4213
224
7594
3456
6880
7053
7949
1732
6710
5343
5350
5867
9411
2087
100
1778
617
8731
4897
5739
5592
5774
3895
5180
2608
2210
8017
1697
595
5642
5312
2169
718
2068
5712
2639
3081
1767
1467
2583
6973
2890
1371
9933
2646
5525
3909
8744
9641
6140
4196
532
5815
9897
2628
1136
6370
3880
8865
6293
7840
250
1999
4569
4014
1714
5451
3587
4119
6228
4673
6959
4421
1135
671
6340
9559
6264
8490
2613
4147
5753
4304
6165
1582
426
6862
894
2282
6303
1395
4035
4911
4817
36
9844
4510
4434
257
306
3841
9851
6440
8132
4663
376
5017
5210
4143
6679
5978
5168
4210
6620
7963
3669
6294
5353
1884
4012
9232
1004
9214
3986
2810
5609
1592
4146
6405
1354
6635
8085
736
8132
6776
878
9866
604
8160
4549
3333
4154
5804
9698
2620
253
1599
893
7990
2143
1352
7715
7131
3673
7916
332
4406
2202
1667
5130
6620
8836
6466
100
700
7112
7449
3172
455
5972
4766
7486
1474
2154
1306
3763
5962
5090
3618
1877
4887
5410
8985
3499
4148
2462
9540
5143
7214
4715
3630
4726
1402
1864
9149
183
5964
6142
6900
2800
2342
3095
4250
2269
2014
222
347
5355
4611
965
8878
9172
2609
2013
6871
9900
2242
9681
5342
7307
6151
1044
911
5292
9720
6188
7763
8982
9
5119
5327
5208
6302
9981
9708
6730
8576
142
1927
2273
7200
2942
1449
7060
5883
2117
1626
349
9934
1804
8562
9138
6316
5165
4240
1765
9870
650
7374
5032
9882
4481
1300
8421
7528
4335
6220
9357
2192
2546
9574
5519
616
7475
1853
1099
9613
9204
3770
856
2927
4998
584
2531
9139
4367
8247
3977
2867
6553
3957
4758
2808
3518
1753
8127
6075
787
5314
989
8536
1379
7952
4827
8308
718
9825
274
6112
2833
8351
3395
1790
5128
3080
7269
1764
6481
7630
4335
9056
7666
3775
4168
6186
9294
8152
7053
4720
6436
502
4819
7917
1128
9021
4206
9211
8518
9853
385
9564
341
8785
5911
9811
4984
8634
5489
3208
9883
4380
8449
4268
9148
1238
4390
6521
9415
328
3897
7262
6999
6208
1927
5290
9594
5878
6400
8822
5348
1801
3424
4328
2374
1321
620
1301
8752
1814
1679
9895
1797
1624
661
2591
3087
5505
4440
7725
4803
3713
4393
4062
7894
4376
8513
8549
9583
8913
2888
8125
911
8589
5431
6637
2894
7805
2937
7133
312
3636
3751
7352
1688
5324
2356
211
1268
9416
8453
3885
9689
8266
1942
3735
4232
7863
3129
1926
5521
1351
1120
1895
9071
1281
333
2898
3637
4614
856
6434
8775
4333
3664
6820
7867
8735
2582
494
9633
5027
151
962
1618
7853
9752
386
821
4275
2214
9830
9608
4785
5582
5933
3388
2925
7179
1392
2417
2029
4495
3821
9109
3351
6804
1410
9191
6249
2962
6136
6593
9146
1140
9555
1445
3633
6998
7447
8326
2133
1794
6845
7354
869
3963
7062
1583
5785
137
7807
364
392
2087
3237
5978
6587
5369
6107
7827
6786
5554
8090
1945
9494
917
3209
2266
2366
1594
6605
8178
7478
3011
9426
7585
4093
991
3131
8303
5805
8495
8006
9150
7345
3992
4115
9279
9154
4984
8839
6487
3170
