13074
23815
18705
25123
28295
13566
1890
9421
15611
22676
30989
7878
13659
17102
11663
24558
11549
9244
16684
19139
5843
5782
20521
2763
12032
26501
10812
18995
27434
6693
23105
27317
24368
1961
22062
17855
3294
16512
27465
14289
20927
4823
15001
31526
26418
23135
22938
5528
10432
32080
27445
23998
5293
15022
17646
23383
15053
11723
29792
1771
3481
11021
14566
11439
18818
23025
17820
30378
26246
12368
24454
25110
18432
13025
11278
9225
7876
7936
17332
16724
12651
25005
23809
23979
32492
32728
9148
1543
28525
21468
4193
31305
1880
17481
21455
14880
20656
22502
11073
22828
28326
19190
12415
24164
3943
2491
31318
12981
12345
13369
8517
25323
26566
3900
31865
14549
10935
1692
11004
28580
16005
9408
15657
1941
20108
9057
4707
31952
22370
31120
16134
25999
23654
2811
3742
15234
7068
23660
30295
21619
13240
29074
2997
20006
28792
14340
21381
29059
12599
9091
32020
20726
7616
24447
23966
9751
7520
14813
16393
12934
17471
11000
23763
10265
10991
7910
3658
23610
25670
25596
5371
19082
1385
25236
108
10955
29738
525
4110
7676
28564
24340
8301
14021
1731
14114
30890
24854
29178
11590
3115
27916
495
19493
1169
16660
6505
26943
10218
30546
25869
19828
28456
27204
17781
18118
24787
29858
8067
1888
1018
26761
1781
30168
32623
473
30521
21169
14644
22492
3714
22308
2608
4648
32539
12575
23078
25798
11004
143
14312
6035
7579
14811
16840
7399
22532
4528
29264
31605
9004
22020
9523
3954
23682
22613
26754
26362
28872
19762
28195
15791
31009
17661
12672
23459
11883
8687
9596
23416
9934
12124
32427
7109
4501
15929
28098
24508
25917
27355
24140
25354
13260
28673
3487
25855
6501
11029
3599
28399
31000
13743
2657
23000
31742
14427
23939
22340
1670
23196
21114
369
6154
29745
8347
14000
18598
25494
30718
17419
22857
11726
12848
9002
2572
19296
31528
20344
10947
18080
1660
30337
6610
3887
9429
1950
9539
9925
19873
26325
533
2862
28935
18171
19926
403
9760
28443
20084
9979
2404
28444
25680
27153
24418
1949
25236
21032
20405
18724
16839
14204
19507
11896
24734
20667
30823
13899
18197
14788
9538
16412
8127
22446
13581
12380
23386
15884
31650
8144
12967
31087
28380
6710
31353
25389
15180
12331
32267
25185
4397
24652
21398
15923
15770
7068
24355
25946
25599
26918
30622
20191
27598
27875
25133
22563
30323
21981
6080
17443
29065
30613
2280
16379
6478
4770
21484
4265
32596
4252
8474
19988
27002
14136
6491
20301
7451
5812
11018
11284
27269
14198
4358
30622
3245
19184
20486
6293
12577
25542
7725
25185
15421
31027
26847
21414
7586
14761
27858
7693
18660
28855
5224
23368
9859
1072
4156
4944
4381
19594
24058
30705
13025
19588
12661
31113
22343
3083
29683
6413
1278
6751
19915
6988
29734
31602
28211
376
13504
1169
1363
27362
6499
27717
9374
17413
14896
4476
31073
26310
9224
15844
5532
4090
2044
26520
15122
20009
32516
13822
23708
19857
13812
19951
18882
9582
5549
10521
14476
2681
15248
31906
8598
2735
22073
29454
8803
13907
14953
15715
23027
23094
17475
16267
29592
12086
22716
23545
21509
8965
6989
8848
7336
7724
11242
26304
31034
27471
312
242
27540
9138
13051
16166
2500
17660
18637
18650
25184
21563
24854
31278
31514
12841
17464
31303
7573
1198
14346
4337
26231
22949
10120
32648
19136
26339
29385
24856
1882
2933
31537
21955
12016
30250
16359
32099
18948
5458
7817
1393
15676
13252
3103
20006
27133
26406
23118
27359
15675
13160
23759
454
8336
1938
799
20143
395
30656
14967
19776
25418
22634
11262
20053
11851
7913
11070
31906
12927
11063
26836
5275
4000
24311
15724
21392
30661
9653
8429
25117
52
21102
8689
15809
29815
30291
29048
26061
24498
5322
22237
20352
16435
22710
8201
25968
6475
12024
25062
5675
22364
27190
7446
13855
14900
21466
6886
14519
14745
20062
5757
1223
6181
27848
1626
26666
6229
9072
6653
28330
2012
30217
16355
8223
5437
18143
18360
27099
9112
11102
29897
14150
4292
27092
5304
32198
8607
1144
28275
16354
2210
30122
7526
19366
15033
380
11504
14409
1617
16498
2068
26381
8370
18310
4466
2919
7567
4463
30581
32352
1243
3363
6349
24891
31455
30107
3360
21336
11914
22230
9724
16216
520
25632
31761
898
8598
916
23709
31077
31892
13024
11047
8383
21723
10568
2928
29086
22610
23278
26535
6597
30908
16720
9948
10577
30164
3346
10167
29341
19868
9470
21354
8546
1778
5705
23780
19747
2660
23063
71
2760
32069
5186
22173
16777
21248
12119
4551
18189
2221
31202
13493
1747
16098
10476
7133
14546
9676
25537
27109
27484
28542
15607
11427
25672
15496
15531
20040
7504
14028
24590
9944
24504
20109
12833
16862
17201
19913
25020
11357
5116
13769
30933
24329
25682
6902
6399
6327
19716
29422
24881
15635
8543
2263
24777
2961
6738
3060
15312
17062
15571
27765
25728
823
32638
31380
3587
2130
29567
31709
15486
1820
29875
10957
5710
19210
9482
21663
23186
25172
14128
2403
8425
28327
19564
4688
18045
28187
27080
8795
11328
4196
18546
29961
10869
27724
1378
20353
23923
10593
29757
6117
12197
29162
6521
30434
17622
16672
4035
14214
10923
24987
23709
22866
29297
12299
30796
2193
6169
30248
3313
28904
23169
29164
12534
7725
26870
23807
8363
24444
2550
2163
15153
24712
7994
24753
18072
27952
10996
28083
16196
4947
14933
9076
13973
5860
22866
5797
1223
27713
29608
27042
21014
11456
18205
1444
15142
14731
19209
29752
5283
175
12566
27888
4644
6255
25412
27480
21590
9438
9008
24875
8790
15277
11925
22727
21086
14913
3347
7135
9636
16904
27439
12912
7039
20238
9884
19958
32716
7371
28601
29919
14480
19776
9306
576
5855
1602
18379
19911
12028
30997
15378
4081
31681
2108
8309
22140
20801
32656
31036
7456
25261
4752
1208
24186
24436
5368
24964
12617
27566
8597
27147
17884
30651
9047
26954
22475
15143
29864
3288
26598
22225
2300
14371
21099
25165
21673
7420
5500
26758
26362
15702
23503
6056
27262
14922
8104
10301
32678
5215
31236
16278
9615
16649
29207
20844
9501
14703
24825
17607
12873
26225
15773
24607
14268
3562
25858
16577
156
9522
12973
24949
13478
11496
32086
29790
23165
31214
19426
5153
21569
4020
22161
4170
2660
28602
10361
22763
14521
592
30003
19845
4558
31905
30420
29484
11388
26607
26654
21991
28604
11808
28408
6486
28860
20346
2844
31895
30515
9643
23824
21865
7153
22540
22871
18066
13754
25894
15336
13695
2132
25974
20447
17195
27103
27501
24435
19522
21093
9403
24616
13445
2482
8397
12101
368
26470
24724
29321
2074
22856
5001
28954
12894
9181
9710
30910
7992
4410
1110
9037
8817
534
14439
4199
26495
5411
17119
26466
15271
22687
22229
13702
17252
14885
23106
31869
7948
10442
20415
1285
17073
7525
3472
18920
1349
32046
26082
3886
11010
2699
9297
31121
28425
22566
1197
14897
20554
29251
1790
8841
9635
12881
17605
13474
15692
28862
11141
902
2930
2320
16514
30712
11298
25650
20937
19810
15465
32011
14448
23311
20154
4949
4127
32154
32399
173
2000
13479
26451
25574
12242
18640
640
5795
26900
3555
12549
8485
22944
5450
29674
8289
2662
25802
6198
21078
4667
1393
23057
15517
29217
32457
17190
8514
1737
4690
18507
13778
13142
19247
27236
20661
10596
13856
24196
190
29257
21936
342
17153
7578
9904
6588
19173
14578
18659
11957
4218
29934
8187
29828
6412
7036
196
5391
11768
15190
16032
22405
30142
11465
11571
27459
9048
21435
27231
23033
12234
17132
1139
25864
20987
9340
20639
21039
10435
2990
1452
27495
19269
5099
28393
13835
13183
28938
19305
9532
14111
21710
11627
19332
664
19888
28186
20409
19062
735
2423
10533
9966
29062
30355
26339
19898
3917
20481
1676
7716
30242
24715
7700
13152
32057
26660
23790
28958
25425
11550
10359
15968
28218
11677
22417
25225
9108
1356
20878
14519
32473
23374
5201
11603
18590
27768
26031
14823
29461
1469
13339
21295
8151
745
27267
32114
13024
9619
15221
31506
5851
22604
10118
18787
5793
12829
17140
24505
28668
20017
32394
25797
944
19406
30660
20001
18108
2698
5172
7721
22749
30395
27684
13325
25684
31279
18557
25124
10985
25885
14312
16003
25648
25436
32562
25039
20747
20947
26869
2127
10352
2097
14453
18757
16748
27358
17352
22655
7784
22833
31034
1577
15788
19427
21487
28901
21281
14275
970
7710
20315
2220
19598
27800
22486
18612
24643
5452
5248
18343
14556
11892
30328
22196
13590
25826
23574
27749
31907
24469
13867
17621
28552
398
4746
21021
9412
32224
12231
4367
15410
29191
32318
5671
1968
31354
12887
26302
20353
30084
19465
29313
13808
26703
14237
16674
32310
14914
27573
10317
15006
14988
10380
7646
9703
9217
15487
31313
11242
4902
29133
16249
25981
8839
2459
14197
2966
8529
26683
32737
9652
6172
22189
21833
30586
4105
32102
13027
29085
20493
31825
6781
10753
1164
17428
6324
7967
1322
5268
22887
19114
11486
17595
24683
18290
30792
14201
14976
3720
24132
8712
14980
4003
5823
1909
5863
10434
17353
3420
31583
16659
12524
3571
25309
2836
7356
2889
19903
12792
16560
26576
10311
30284
2864
2074
30028
32218
16367
16864
4399
23246
29307
15432
8465
3607
3859
9575
579
2320
26040
24837
19966
29280
27526
5281
17749
12831
9797
13493
14695
2362
30268
30524
17369
14360
12869
20336
25476
30845
18983
22232
20842
20143
25375
18306
8687
30168
8896
27534
1606
27564
7166
9708
16937
24395
4741
30821
10701
1897
2127
10976
15381
9132
18805
30686
11526
11605
27205
25160
29819
31523
27542
6250
13593
23668
31064
2111
3974
28590
30575
2287
13782
14301
20674
15766
21318
13726
15502
5447
7213
1851
28161
3153
6703
21527
25092
4800
2228
1869
16216
15399
21912
7572
31972
7325
6693
2662
16973
30470
8254
30817
14024
8340
18396
26861
12844
15757
24767
30495
1100
15182
19549
16861
18051
11152
31775
16707
27536
25834
8140
2886
420
3223
6213
19351
23226
28026
628
29386
3879
16479
28287
24760
3698
18820
5953
3618
12901
28504
11770
31127
2148
11906
3653
23447
17662
3877
28235
26104
5570
32610
24375
4745
17748
14111
12778
17654
26048
2311
5103
17387
29965
17618
30897
19836
12310
3783
8939
19141
1941
20607
25185
26317
27521
9963
22990
3249
24730
29081
24861
4350
5186
26418
22491
2654
25230
21320
31725
7543
669
24910
6270
16400
19752
6376
8508
14197
20827
28518
3524
22045
11235
4746
2394
15499
21577
20626
19166
8562
21630
16754
10491
25884
7863
5474
16034
29708
30074
11416
13239
15587
6649
23639
32266
15744
13472
1320
11912
27499
11242
24168
7859
31604
23928
6914
4687
19607
28004
19326
8542
31267
8147
8507
32335
22812
28873
30456
27763
25821
24130
17049
31408
24321
6270
21544
22137
9860
3228
1563
19197
2598
32106
17109
16543
6672
7804
879
20647
15546
25979
11191
16695
2828
1472
26489
32128
14276
18977
27902
24117
1559
16651
18643
22080
5019
28370
5835
22453
31076
31300
19527
1284
2157
1924
30645
626
9530
13590
6487
31690
1724
28470
31046
12879
23669
3438
7862
9974
8157
28263
19579
13522
5379
1536
9933
12240
15991
4509
26184
23460
18536
26305
15414
20227
12042
4064
19473
5907
9274
11118
24132
12064
30821
16700
12338
8336
2726
516
1401
24345
1070
9539
24184
13617
25321
22854
30735
21702
5983
31112
30885
24624
14808
32571
28272
32612
6851
24613
752
21866
12888
20397
1981
27153
13181
5686
16515
23521
17894
29355
3659
28241
11137
14939
24572
18490
21777
11016
3105
30348
10776
9018
30700
1856
2043
13529
12155
20621
15457
17915
21339
14431
32476
13307
32587
4101
11723
11467
3650
22569
21119
12939
24499
262
12444
32090
527
31445
25794
12140
26252
10888
22125
3932
549
5819
282
15556
32737
24808
22700
4876
26713
24282
19725
11903
25204
26724
12568
18340
29046
11602
2231
22731
21561
10144
584
16870
27065
32234
8006
24218
16087
27172
20517
17046
10582
30859
1917
4132
5162
13019
2155
7421
24818
3011
29749
22882
707
7830
23340
11624
13863
5955
21719
16532
31333
22151
25421
24487
12291
9825
9699
29883
138
4807
7943
17807
29577
14999
4460
27680
21724
11472
14440
15737
20526
9730
24474
4811
26045
16899
7631
10432
7261
30180
14118
2317
5312
26147
27251
12871
25076
27938
11746
29175
19245
26072
7901
9456
23237
3783
10543
20960
24193
6446
10601
21030
15638
14463
3716
31971
17644
17939
16073
2132
22561
19741
17390
5471
6609
4829
642
6507
149
28438
139
6773
29257
2241
32621
29024
19731
19203
27917
1677
416
9821
28727
15532
8881
29219
5181
32210
3543
559
22497
7883
4474
17622
9077
3249
13344
32027
27201
30909
236
27939
31525
30302
32101
1257
17536
16264
11386
26931
3920
4943
17090
26309
30106
25268
28680
9684
6156
16319
25094
12733
22241
17102
25713
10487
4613
23084
16950
10566
13433
14309
19460
19506
3834
20953
10250
18360
17885
10256
20226
1855
22078
17741
23150
20686
30297
11750
2081
19067
21816
12498
5890
29735
32143
20228
24845
26984
24548
11511
22170
32711
18418
17035
16098
5420
16720
15631
25023
8854
12110
18335
32435
26383
7200
11696
13612
16096
830
3049
16902
31489
6922
821
13906
19667
25011
8726
2902
6673
29018
30780
14292
19716
24436
2134
10896
29943
11120
3112
19980
19179
153
16093
31126
28300
20285
8607
29572
28515
271
28262
26815
30284
19658
11533
32126
9003
27927
7851
23380
29403
16049
29472
24685
16743
2503
31982
21525
15485
31394
22347
17529
23071
3463
12916
29106
10140
29151
14915
27135
1215
10389
19204
15186
8006
25024
26757
24079
17045
23938
11116
15632
20396
21551
6349
32492
29015
10674
6140
29817
24740
28717
31392
20623
19866
32224
19209
3343
16424
6732
21700
8484
1372
1688
7020
27849
31958
25907
13250
32140
23163
17595
13056
4241
12398
21022
10347
30169
21820
30207
21800
14532
31318
24923
5712
12757
1733
19820
13639
26038
2585
29389
4681
21884
23458
31712
23877
9259
14819
30317
20719
13693
32324
2187
9233
10719
14599
27844
9505
23485
18813
31092
13337
16895
18042
14194
3715
23508
19206
19442
8659
2478
31573
14762
22522
30606
22010
15668
4664
31873
9559
18612
17970
4970
9560
25274
28996
20739
12641
27754
22040
31519
3716
4826
14456
9522
9720
28603
2912
30226
17350
7484
17752
31487
11718
16683
20224
11234
9930
21341
16365
1234
12825
9041
23987
22748
11039
24848
4419
16900
1378
11607
18040
21127
18616
29944
27116
27491
7608
7038
30992
23577
32366
14608
22652
12210
24403
28568
25731
19200
25723
6948
28683
16422
30481
24972
9627
31579
20225
25941
32438
11498
17652
8149
17768
5245
129
9880
21534
4508
22177
24579
1979
7537
27748
27447
6119
4558
29155
16184
18858
24945
2422
17743
12347
9606
12071
29356
28690
9325
13414
9552
14404
13758
9214
18474
26128
10122
8775
640
1717
2276
7581
30353
11143
32160
25362
21369
17474
32603
27488
15956
29598
12220
29730
22182
4644
8184
14659
23035
21311
12700
25270
10954
16534
29831
31335
16031
32665
9781
32370
14201
5466
13892
25492
11377
7327
29744
7134
26013
8757
19042
30129
3892
7047
10857
26342
10227
11119
3719
6221
11967
10571
13423
17753
21387
7764
30029
17433
12156
11563
24327
18794
18507
6069
29378
15724
25324
22313
11433
13362
26989
31335
14569
24254
26656
16012
31232
2092
26108
5571
17464
29485
7233
4190
29294
11191
20827
23589
14360
8443
23305
19949
21639
7064
3006
10605
2921
25614
3912
6990
1681
11637
31407
6529
1275
6255
4960
7637
31498
25179
4490
28361
2069
5323
25033
27294
25890
18744
10754
2225
12529
21749
5518
1288
15677
29026
11418
27179
16702
13410
15053
27957
5490
27919
2348
20522
23709
14508
28475
16011
15887
25562
32613
22568
5413
27663
21150
24118
14866
13637
14151
13985
18399
18415
18258
14756
945
11057
10662
32150
18763
12112
709
5383
8403
15464
22700
29451
25049
31069
28155
27094
1941
24339
22613
30601
6768
3042
22026
21836
21191
27460
9971
31901
22763
1489
27806
5863
18028
3438
21931
2903
19607
31169
6262
7915
9277
18664
247
23244
10934
14442
5606
11485
20518
2669
6434
30356
15103
11050
26451
32265
17607
19103
31438
30028
13340
16003
5562
3068
22517
16511
22385
16149
26666
23707
16681
23306
20279
9207
28116
25620
16701
30651
325
22729
17481
80
4755
752
3545
9425
5570
19092
22940
5820
2208
16215
7546
17902
26350
19465
16084
20686
10688
18553
11533
17608
22055
23947
1353
17149
24332
28555
9076
23864
24159
705
17543
16164
26994
20038
7686
30653
1183
28950
3789
30469
31281
32101
19725
5112
6274
20023
13714
11969
7008
23339
8263
17198
17589
32407
24059
32610
26727
25050
17253
13002
28542
1006
25958
10578
5765
3645
27279
18136
27442
27574
5603
30432
19785
22047
28382
17546
30397
19885
10934
11970
20248
11986
15072
3255
3614
23126
9430
5774
29101
9129
1816
26199
2792
31096
28528
1344
26261
31870
26235
22792
5314
30877
21605
1463
21423
29741
8948
6029
25064
18836
16584
2360
15282
32534
27105
31306
18344
20719
22881
10729
13990
8607
18579
2504
6886
17542
24365
32087
31337
22192
30930
6455
24729
6642
25563
30449
13100
1590
32087
28903
20043
1299
20048
23179
11252
2977
3665
2254
6813
1675
12068
16092
18202
19557
21984
21254
7616
2624
25892
8191
18123
24188
31901
5708
16893
5598
4558
502
25992
16098
1552
22658
17454
1875
24023
8994
16039
6168
32056
22829
17475
25425
3496
16077
1744
6307
28935
7160
9662
13263
26077
24481
5249
22922
16611
815
16439
30345
24517
16942
14475
21723
14630
31300
24537
7035
11748
18279
26259
27686
32670
12366
5603
4970
4212
30501
11665
32512
20494
25221
22824
28251
31200
4771
84
4481
2220
14024
30351
2586
840
14081
19964
710
1697
9751
20883
20660
12544
4033
27263
21361
21132
30489
29892
1789
1809
6477
18213
31780
7423
18583
29253
11019
28086
29551
31500
21514
2816
11263
5196
25273
26079
17367
7077
1870
21130
20450
23974
31270
3506
10392
25908
7585
9993
14966
23088
29235
29957
15019
13140
4280
30177
5141
16222
7944
16870
8299
18801
29388
29416
444
23736
22160
9491
12312
27468
9497
29928
3981
23640
12024
7810
8789
17787
7775
8734
11085
21357
19764
4570
21673
9702
16740
27837
12006
8891
17274
11000
7169
1098
17264
24427
31463
10009
32708
4715
10028
23226
8911
14787
8447
14834
19027
29176
29022
19994
11603
23762
7814
452
21543
18711
17582
9890
5839
1946
9972
4772
21896
4468
19608
6241
8093
25490
32360
24248
15488
13168
14459
23479
19225
24867
25634
30395
27486
19101
28188
5593
9764
25645
3337
6781
1844
14917
19489
4433
7586
16512
11814
6497
22106
4579
31895
18044
25852
1636
5927
733
12010
16808
22382
13323
27807
7953
23773
9981
30018
7928
21751
1922
26746
14647
5054
26336
10885
14571
4204
5563
26244
1400
6756
21817
2841
31949
23144
9060
30004
17129
29708
9936
15658
10909
23403
32125
23048
7060
13080
29438
3878
6546
18008
25051
22527
20729
29582
17461
17983
19601
6902
14248
1566
14472
26006
30838
31981
22200
30834
6113
13806
2089
26624
29144
4457
4055
32731
9686
27132
29365
12987
5896
9267
6385
18085
14254
23641
5242
4447
9155
9869
12480
22823
20192
5400
12219
11684
18782
30973
22574
19741
24763
4306
14637
27113
7998
6607
18141
25639
28382
30501
13435
19375
25441
25488
12191
15944
28609
24880
24770
30235
2771
23445
21758
7271
1834
12313
13590
13431
8762
4210
28086
13009
3769
29575
11516
5297
32331
2179
22838
2997
28253
24616
25838
4570
15441
16487
9252
31143
17628
22061
1754
20136
4781
14719
23766
6686
24656
30665
1699
24565
29009
6259
14297
26614
1700
20406
11934
10046
29252
21422
1133
24047
3611
1968
31766
15653
6690
29149
28934
10540
17865
12023
19401
27632
26777
22644
8141
27572
11800
4305
22121
14855
14573
10793
2845
3828
324
6918
32028
1146
29300
13687
14855
9788
3039
21603
26108
10616
2330
29468
17615
24893
21839
25399
26775
17113
19935
5276
10605
3729
6219
9177
19056
28822
3924
8892
28685
11828
2913
20256
19325
13131
2594
11271
8078
5123
31091
12521
679
22204
10627
844
518
6724
10805
28309
2637
27725
6086
3614
14653
25630
6833
23944
31937
21896
7887
9043
9006
12316
1475
27051
16585
24219
22677
31109
3722
15022
15517
3051
9759
26839
12195
9620
16180
12456
20292
20664
20978
9523
12183
10530
17093
12737
1297
28295
31587
24263
9638
4374
5386
25365
9521
27728
30728
21841
4374
9242
5249
4516
3878
22545
6253
10163
25539
8477
18144
25809
9028
3401
21646
20082
4763
3538
28046
8419
31540
2941
18526
9785
30241
5422
27176
31112
29301
23735
67
2645
31469
30190
29437
29773
32470
3074
5528
32567
8746
271
6034
23335
22781
11247
6954
27892
21015
10324
5407
16109
29923
27923
22971
27080
30344
7363
31504
2523
19029
17543
23682
5263
29026
32040
8069
8721
28020
8807
19880
32586
23330
5265
25555
7186
30518
14419
8908
10656
4950
10448
18688
32069
15844
20465
6529
2907
8482
22780
21579
3704
23962
12649
971
12007
25533
3057
17314
15960
4298
6631
25766
23510
4849
28363
4649
5114
22713
16925
23679
20830
3999
879
19642
12629
30207
29886
26040
4313
1080
16130
13920
26053
12556
13572
24872
14405
21829
14448
15578
20618
29342
29995
29337
27842
25056
26342
15647
4935
11340
23796
11592
21782
5177
28760
6100
5252
4350
8227
4200
9260
16914
2045
5591
21036
7538
25857
21408
13201
23875
23758
7352
17423
28857
15066
905
11766
29751
6154
13114
20065
29880
8320
28209
18864
621
27573
21974
17465
22183
6855
24474
4923
4344
12564
6969
31251
20373
23303
11835
18355
9983
5938
10433
26703
15587
30109
6014
16217
2622
24926
30468
23984
2244
10346
27713
26645
20355
13739
26185
16862
25284
12627
3414
20462
15154
31599
8972
26596
18494
13503
14338
16275
29121
18885
23167
28851
23779
13340
8833
25813
30781
26123
16132
15773
4922
5210
26752
3371
1219
21092
23732
29402
9499
13422
18338
28717
7943
27703
15835
2566
23603
5072
11260
2585
4305
6830
24441
29857
10883
2302
3225
1617
9851
3384
30146
20110
4832
2039
6135
14811
16244
2568
159
8341
24949
30913
12424
11744
11969
19604
12331
13025
13373
7652
14642
14894
27510
29718
6455
28546
21385
2796
12751
12214
4417
526
14791
21740
23168
10986
9133
4878
12512
26814
19858
30839
12185
22259
24079
26351
28838
10669
29318
6365
19747
31904
682
1720
31994
1061
7490
16575
22974
21645
25130
4330
18647
13237
23962
31008
4320
10458
10410
25002
7757
16047
29462
3048
31569
11181
23103
7490
32511
21675
12659
22114
30639
23982
8046
19104
21667
15618
13601
11198
4842
1162
25010
32214
29061
21844
26563
18320
12489
12656
14327
4760
24836
8195
21682
20560
1123
22423
8993
30402
2067
25269
19835
27096
22695
29366
6790
1231
5562
21718
24156
22505
10453
15754
26735
28258
17299
24084
4811
12454
2306
30804
22171
14017
26189
25825
2543
7959
24216
16216
10940
15701
20012
11508
23332
13735
26836
29023
29432
22572
30598
17864
19068
20647
6470
9782
8810
32375
2888
2332
19769
2249
15445
13613
32158
780
12143
10609
24148
13733
29112
19353
22297
24292
10128
20624
8953
55
29950
4946
7118
2974
17745
19969
24328
1375
13831
26934
12202
28155
10477
21909
14741
2144
16776
9124
6665
20576
20916
19933
20841
13666
31115
26881
574
27992
32392
11952
8575
29681
7660
5687
31760
2575
24161
28585
13704
18811
9438
13617
9271
8408
4298
1702
11880
19413
25444
864
3299
7079
30306
30282
5814
9143
1496
2105
31285
7831
20828
27772
1856
7995
22632
15285
28356
25190
13824
28903
7044
21602
24468
15567
2074
7924
19239
9080
13880
21391
16561
6154
11060
1480
23234
2786
5572
27146
31337
7656
262
19595
12884
29469
14531
29822
27960
18804
17140
18315
21364
23523
4741
16764
13297
14009
22362
5177
29772
30514
3984
1014
19511
10569
15877
21419
20508
14285
27162
21956
3844
8887
19639
29978
18360
28603
20112
18979
31013
2333
15271
4197
20997
32454
20498
4145
17340
23959
511
20621
15488
4349
11509
9586
19645
710
605
28216
15288
27955
25408
6222
20338
4942
1874
14894
19407
21373
5424
23184
27895
18520
4070
14302
24829
27576
15796
9193
1215
28688
27666
18394
26637
17409
13553
25707
23821
29736
10564
25175
5853
24379
1215
18190
7035
28756
20190
25006
3298
21388
3370
17455
3446
22732
27320
23773
17314
30944
30962
17420
16576
12493
28057
4615
20281
10085
523
20809
27629
20760
22466
24816
28373
1549
1566
23406
9958
15986
13668
21890
27961
26896
27398
2407
29546
4130
27429
16971
20798
16487
21332
7170
5512
26230
21151
27388
24141
5714
8908
24692
15398
28990
9952
16107
25830
7634
21221
13013
31101
1615
16619
9106
25372
20784
5965
4255
2970
18433
9269
20238
29975
8308
21090
15155
29919
23474
23337
12961
5520
12271
22970
27221
25728
12353
9125
30000
11865
9906
2717
3755
28422
21652
27515
32198
30931
3348
11910
9281
5839
24082
7409
3599
11893
15152
12197
5384
9356
24361
15169
27870
2380
22373
7519
11090
20418
28106
20250
8359
5238
25812
205
5207
14154
14824
8988
14854
19621
25061
313
29364
10705
13309
20576
11830
4258
30403
22692
231
15961
17284
6894
16795
25031
13275
6211
17364
15542
3456
7749
569
29828
24673
15613
19779
22033
19188
18903
21050
4316
22731
5102
3680
11624
12137
11658
620
17125
32084
28391
14905
12300
24427
5689
31936
23371
12410
10476
14404
15906
30476
31280
32460
16333
25984
31413
9942
8995
8287
13747
25674
3006
16109
7982
28077
24156
14846
6008
407
133
15627
18423
24679
15214
3461
15656
3637
17950
31849
25060
28936
15055
5653
16355
8009
31639
1114
10622
29304
19015
22226
12473
12830
6036
9588
3968
27395
19828
16741
25905
18080
6347
26641
27995
30423
30279
11387
5062
2530
1672
2769
2483
14986
28037
23108
16484
4249
16683
4375
27871
26001
19271
3829
30960
8606
8869
24967
1389
17610
24441
14150
25021
4208
28415
29838
7323
25843
19039
7924
4632
10159
5331
4826
6879
17712
25867
14145
16573
9122
15825
9182
7265
6537
31209
28015
16480
15539
12091
3151
21884
7530
19764
4424
19493
16878
31337
7337
18240
30242
30077
19353
9256
17285
32069
4011
17394
9572
1067
9395
31222
19790
13008
6359
17290
3017
32246
6889
11537
12611
21404
756
2101
31563
9066
18708
22384
25089
18000
24203
4817
22987
2411
7442
10749
23882
24616
16493
26484
21389
427
7746
6421
9860
30066
4139
8677
7607
21301
17418
22796
20791
14865
26269
23072
18645
17126
23634
10918
7059
29182
31836
22742
9048
27631
518
30623
6376
29122
10311
7147
11282
26708
9111
16164
27692
28413
28162
10999
5308
18800
6523
21080
4728
8418
7282
15302
21617
24687
19625
24784
15755
12473
31811
9944
18992
22226
27934
21783
15941
31324
3682
11233
28509
5870
14426
298
32557
7354
23171
1610
6721
1133
20451
6909
3821
23127
19868
20910
20613
1228
8129
2293
15056
18890
10344
15966
10683
22491
21761
32364
14667
22077
32230
5597
16853
16449
25651
26672
25713
4081
16855
3941
15276
31733
8171
10500
1149
19640
26435
29792
21371
3270
24387
9757
10828
6265
3828
5360
353
20692
13399
9126
6624
30127
17914
3176
11234
27412
13000
28989
17631
28138
21541
21968
27238
31696
17979
26228
21778
29260
6798
12389
22457
10533
6359
12112
18150
3085
527
21526
29834
30595
2506
26830
5102
23800
31174
30217
6636
29233
13252
3417
27999
28652
1430
7444
31704
9158
890
12629
1683
22876
23718
17988
15273
24241
24100
3991
28550
10192
6112
22873
2718
21938
22528
26090
32604
9313
28787
27976
23643
1118
31437
8588
20185
25408
3666
23736
10601
26527
7248
23471
17127
9264
26291
10885
16817
1585
17619
9721
10004
776
10896
13888
12037
18727
9633
9989
22546
30770
17705
16557
10136
9316
8075
1759
32309
10543
27264
16452
4224
3874
22887
11147
22520
2320
13788
1457
4155
19567
26251
17791
5241
18686
22598
12372
12583
939
32086
11300
15864
6323
22287
29377
5129
10507
15784
2649
13403
14079
23113
10048
12935
13849
1892
23280
14253
21060
2889
13391
12718
12849
24821
13616
667
14586
811
16667
17517
2821
28103
26961
29942
23084
18766
14859
7703
15642
29897
27907
20020
5624
25044
9525
29925
19530
30450
6119
30702
24083
27683
18151
5234
3136
21945
12308
24675
9795
20839
5663
61
14591
2459
18067
25844
9444
781
275
9770
24411
26776
25571
19622
25444
18762
427
8450
5501
31927
1143
21155
7879
8594
513
2799
868
27262
25907
16569
30755
11553
4328
24576
15199
26490
8179
6618
29988
12149
26210
28843
25236
16573
6148
21658
20617
7378
14376
25670
10620
29019
13992
9652
6822
14525
24102
19341
5220
18668
30614
23174
10720
17538
18172
17183
5102
8718
17783
17296
23348
15790
15487
9728
28046
10464
9835
12025
8881
11413
30774
20505
29710
12679
14466
29450
27641
717
2013
28852
4106
7852
32324
2224
19139
2481
485
27904
6260
22524
31529
13822
31580
24799
2546
21139
31505
20648
8226
18601
13090
3258
9564
23011
13562
7651
2062
24715
16647
5353
24495
30924
6940
7526
1093
18977
32276
13014
16171
1293
29369
11247
30993
26893
3556
4145
2372
26315
23013
27581
2608
12948
28452
5482
22307
23308
9
6934
5971
14368
23578
18490
31267
17981
11875
31425
2210
16831
31515
14875
12372
5805
8324
17549
27446
30883
24339
1739
10492
14095
11473
12744
23965
8608
22529
25293
22801
4348
15619
4553
19545
26546
4984
14824
8129
8047
5799
28774
32354
13940
3360
23974
15082
4423
29598
19582
29088
9385
20274
17365
2978
31689
27294
24177
1905
28343
767
21770
10928
7451
10160
28323
297
295
20842
19226
19729
11978
29872
15357
19597
4903
4970
8095
30837
18501
4560
29291
8279
20744
21129
2681
1983
20832
24084
12639
26805
5824
6504
4170
32648
1234
20439
8781
970
14953
5176
8440
12956
695
15685
7981
20012
26304
322
17967
13947
29454
29920
26876
32612
1446
29024
25053
10202
14396
9723
28219
22129
15011
22658
31924
16159
12679
6466
8558
5700
27998
28202
9387
13545
3484
14640
24478
21061
25638
24048
23422
30342
11530
27286
26328
2766
28269
18431
5417
10875
5317
13595
23724
6571
8008
4502
18033
1279
28835
15287
25775
28320
6128
1416
859
27776
9698
1335
18169
7139
25155
17596
11699
28189
30113
5308
9896
12957
23364
1709
13190
554
12131
21052
18523
28525
11671
10731
23976
8368
29583
17151
26808
14053
23558
5273
11823
9706
1522
4643
8934
25099
23550
25837
20214
1737
12347
26904
26387
23257
16402
29108
4124
21872
13438
6181
239
2238
29304
6859
30338
5560
20402
3810
11824
3355
32647
27046
23120
25006
19506
9403
17676
20423
28735
461
5489
24080
9280
12660
27330
23435
13505
24922
16914
32468
13438
30111
23057
2727
7891
29052
2343
7073
32371
21287
14783
843
27741
26359
230
21588
31500
21961
788
1054
25070
29346
6985
17789
32024
2966
30812
187
30008
16872
9360
3295
9163
11634
11113
3630
1936
20295
20926
7667
23868
6040
5134
8060
12399
724
24344
26213
30951
4627
13989
4633
6132
8885
16041
17045
18987
26950
23178
2671
24927
5029
22208
16919
23245
22118
20638
8286
9623
26996
20591
15412
11636
14331
18885
23478
32165
18309
30222
13416
4139
6755
15720
190
7479
4430
8631
3810
32482
4174
24564
11441
32030
27355
15304
5382
5612
23362
10585
16956
5584
2379
18788
18926
5250
25625
27532
9729
10727
21329
2801
3813
28479
895
30981
19223
8352
20917
10907
6123
29347
6773
23361
3976
28765
28624
31440
12340
30097
31440
6465
26834
6435
3092
17602
20136
7120
8122
3593
24678
12061
22658
9961
31332
10381
13871
20259
24620
29975
2865
894
32568
24791
30082
8986
20221
1796
24270
32513
29224
32290
18390
2047
32039
5241
25366
3764
1515
12485
17061
18919
24812
11055
7518
5917
12142
12924
28477
10602
8963
4485
30987
6792
6738
26855
25406
4646
31510
12539
2075
30594
28010
6153
10525
24890
23619
4280
5018
14176
24382
9417
30884
15308
29084
24581
31790
27830
6794
26484
16239
30084
27302
4304
27276
8672
29376
3641
31089
1806
6109
554
20479
22396
26754
4012
22893
5275
22319
15050
14056
4846
32297
11588
16765
1121
20604
13192
25401
31963
23617
1501
2959
9494
541
12770
17145
4015
17930
14391
8674
25721
7514
12922
11972
22039
24057
5493
26510
5578
13042
25493
31304
14727
14900
25502
28921
18509
12183
12190
21705
24757
18714
12320
3171
11723
10350
22433
31133
7708
1465
12872
6747
4368
30612
7633
12464
28282
31829
15819
13895
23662
10388
3
7938
1875
7912
17728
12000
12344
13554
560
26404
30060
27037
27811
20148
2376
4259
2295
6591
19280
22356
11219
29858
30587
1683
17433
30221
24526
9761
277
31841
25647
25886
10491
31325
7289
27596
13200
30458
26828
31383
32039
17555
23591
31314
9679
13129
13624
25028
28875
17062
22898
5219
14402
5761
1633
7775
18744
13089
11578
29154
15293
17573
11447
2455
7012
30114
23841
5225
29687
6415
8878
3725
5737
11102
31246
27586
10764
28396
13121
14039
24068
10139
20139
19054
20220
14781
12394
1793
29976
12341
7655
10786
11818
28120
14763
11015
14376
3610
29045
16453
12254
14566
4745
29404
26592
28109
30794
25204
11203
2659
2315
7910
17292
4070
29987
15102
19305
27681
27711
31872
13215
18832
15613
19816
31940
10949
4790
21110
1070
21770
17818
19178
29867
20040
28931
7565
12146
29224
17411
14064
16730
25207
16447
7416
14410
22223
23297
23450
27889
3956
13448
12004
5303
28540
22947
3645
12275
563
17278
31981
10334
28605
2491
17376
13256
9469
31428
30886
20233
12982
3680
30143
25915
10224
26245
10262
30502
27550
21102
21963
22268
22909
2028
16949
19527
9791
1793
21288
13343
20201
23467
7027
29088
6010
12798
28333
17051
23757
28789
25138
19596
15808
19594
24424
30156
24470
3460
11079
24328
20890
29073
1816
4338
21509
26900
20092
12854
1570
7232
14001
22960
16304
28390
4881
20700
6536
30347
17115
23182
27008
5822
11318
20963
13710
14249
26739
13687
25137
19173
1427
29400
8204
4755
265
1595
23764
24232
24513
17006
15213
13448
1888
21774
22352
5335
15566
23290
22320
21387
27634
6407
4829
13894
7356
11510
20584
19684
14697
19107
23688
14415
2562
22910
572
21403
2342
1599
9650
29519
30218
7382
1640
12032
18366
16033
27793
26917
26034
18658
17850
2342
18808
32624
29869
7094
28107
20397
22678
19811
11985
16311
20324
29547
32669
24035
14194
5842
6392
17511
13415
13745
1377
1366
15195
11985
11858
4818
10811
2936
20165
30589
28270
7043
28407
29488
32440
6069
19820
20464
11359
15951
22835
797
3981
7649
8555
28397
4854
607
24070
22553
25274
14455
30157
25558
17037
6946
9636
12807
3861
8058
11536
26545
28307
21195
9206
15791
29894
32492
23974
26535
15885
26832
32023
26428
17867
23896
7796
8069
31759
107
14808
15550
24181
4681
9047
17470
6215
7964
19517
24745
28136
19665
10650
15975
30579
15141
25598
3157
28319
10755
13441
29882
5094
23053
4870
8828
28390
23417
6593
9876
28167
16158
16887
20927
10590
24014
24069
22134
19665
10727
29860
18209
28028
16165
24939
17544
20052
9402
24214
28810
22538
30113
23557
30993
18483
25391
18312
20293
23461
17899
10841
24320
30756
12447
16362
23170
6462
14767
27105
28263
1139
28330
9569
29142
2201
9759
25996
26362
19583
9138
30534
24502
28881
17006
21051
6804
2363
6493
31523
27647
12497
20054
23365
18355
15791
2839
12601
32369
22492
18580
32499
1015
30581
25742
6397
20783
3591
13670
15108
13991
24380
4148
17814
13121
19642
29972
2346
9004
6472
21952
16993
23314
26418
10852
11147
915
30191
18605
18285
18675
25346
12579
18754
13071
29214
18106
15871
14742
8333
9379
23259
26741
2003
1640
5391
10387
21390
30264
26330
191
20128
13696
26057
25319
19344
5051
3637
22922
27694
10122
26637
10607
3190
7687
26838
15256
21687
5206
14063
25458
14069
12158
12826
21838
23435
26231
25912
24852
16660
12933
17748
17718
5004
6596
25059
11748
32435
18435
27210
13439
32690
10709
11425
29519
31233
15846
29111
376
5000
4236
23126
27434
7173
5534
8648
31257
941
21641
27033
25133
9494
6816
29343
9850
26196
10164
26424
19058
30051
2277
6867
9049
9157
5559
25266
24058
9579
17257
27630
3225
14041
17026
12987
20776
28294
6828
32493
30654
15745
14533
2491
5444
25434
9012
12483
32370
22848
18553
23119
11002
30823
7176
28375
22786
24493
30040
3015
1240
23676
25911
21377
2273
23282
30048
32422
31187
8511
1615
4754
4900
23119
16212
24869
18371
13226
17639
13769
19205
4760
10555
21424
9698
9352
19222
10590
11361
20146
5855
23912
26449
16636
24057
6267
17978
12314
14415
12447
11667
31482
9264
6589
13621
16223
22622
16223
11024
8652
31841
11192
11805
19619
15137
8164
30099
27278
25524
369
6238
8222
3189
16669
26829
18610
27734
7905
14475
31387
24183
28463
6352
5757
17399
17785
27352
26104
14346
10226
21653
3464
19019
12440
28065
21930
13140
16242
14454
3905
14220
8726
15329
5943
11329
21615
20660
15719
21239
16061
30652
4795
32511
5341
19442
25233
14667
15051
25845
23396
22144
21093
15800
10920
13133
22130
29560
4085
2812
26338
28914
11112
7238
10839
22994
2887
4204
26853
19054
15587
22659
17430
16308
25795
29967
12338
15201
8702
23508
4797
30837
16617
28649
10816
17379
242
16398
9037
19852
29132
32575
32445
1390
11213
27530
11580
22809
26516
5917
1032
25955
14574
18339
28405
28765
28923
24529
949
16262
27532
1851
23126
7742
19408
1133
20236
10365
27696
32055
4401
11716
1399
4424
9098
16468
20790
766
12748
17567
11111
25213
24414
5372
30544
28415
29537
3486
19370
8811
1518
5319
10755
6952
4766
29497
17761
22579
5200
4334
7208
31599
3622
27144
26941
1597
9681
20491
12396
17485
13071
19274
27143
22708
26737
12447
4560
8510
31074
16223
7449
25605
24933
23437
7210
31554
12446
14414
2787
29540
404
1693
5283
20319
31797
31808
20328
26439
2587
18171
12855
5405
8205
16387
19134
9193
16585
29621
30264
13576
7424
20872
8593
4040
29859
6209
21706
3890
7517
21094
3488
8743
21089
30452
11624
4527
12645
596
32318
397
2286
7052
4958
24343
23503
6579
2258
12868
15852
32167
26190
1287
28228
13314
10584
21723
21039
13129
15019
17055
13795
19047
21214
29861
30269
13146
4673
24326
30655
15917
20488
26168
3797
10278
25771
4066
15708
29504
29580
13806
26980
20955
30683
28640
28981
31411
6326
9831
16529
30991
2197
1330
19257
19771
29670
16133
4275
28983
17140
22540
3401
5553
13069
27247
15445
11057
2788
6438
4028
2964
28212
9487
185
22459
5286
22590
7644
23940
26613
15252
14930
6649
19792
19091
8806
11208
7680
6512
31048
18932
4938
8554
9229
4809
10647
10075
26104
18197
16082
28813
4600
17813
28690
14798
30065
23214
31353
9415
24639
14429
9052
3977
28153
10865
27555
2665
29810
23288
4723
24590
15238
15095
11019
25544
25107
25438
18924
31267
5189
570
3389
4029
30487
10285
1133
29268
27926
2587
15130
16419
6248
2855
27442
24943
15886
8926
6744
16477
28262
29617
9865
13062
5876
9641
1535
19405
24929
22870
15957
1009
964
18185
22253
29790
26145
24131
19087
4297
16687
31084
15442
6395
6751
31176
29632
13421
16665
24488
25653
27670
12617
13021
17288
30337
32538
20338
29677
2594
12289
27291
17690
10730
9470
25576
20649
8217
31263
14014
30142
6996
32581
8200
14313
8695
11818
19498
1358
20396
16803
8502
10243
4413
21027
31075
26297
21158
7041
25019
6303
21359
20475
12563
12419
5432
7290
2880
826
6294
16920
9352
19779
23581
26847
22871
15271
20926
4051
28211
31779
15956
15923
3058
6281
14201
23037
19499
8548
13214
18352
27114
27611
24667
14165
27304
26328
13059
17088
21370
19305
26492
16660
16008
11366
24909
29573
25793
10580
8953
28514
28621
18569
20364
26962
10307
15505
27251
17886
21533
6353
18832
4911
22889
14698
28046
20505
31041
25184
13426
9305
14076
23036
6771
28187
16294
622
32012
18624
26030
14007
5199
28893
1247
28358
5756
10631
25233
28385
14802
1742
24097
1607
2213
16775
1438
8468
15281
30799
25285
12644
3758
460
5168
13243
17189
13366
1738
21157
17793
17942
25478
28057
10345
11342
1361
1827
27213
6490
2885
24131
14655
469
23327
14096
10501
19007
10227
5792
3948
509
20766
30252
31455
20385
11645
12656
30519
29292
5852
13393
5333
32017
18865
11202
26094
11708
27915
15848
26151
1875
22213
3452
98
4092
24575
3186
9943
22751
24014
25048
12646
13101
4659
26368
30251
13921
10570
32737
20564
31686
5828
21179
2351
13113
26519
8954
22407
30000
23540
21341
26929
30203
23930
21335
10978
32330
9641
31670
16964
19696
10393
7810
28232
17894
6124
20008
16829
4755
4609
8151
27682
5962
20842
27947
1208
25109
28833
22793
3036
30385
5622
7114
5780
7129
7116
23195
22632
3528
2309
3619
32627
14841
28091
15463
5817
26673
30769
2539
25275
29887
22025
26138
27721
2
13751
22248
11672
14125
31797
10166
5524
6727
760
32630
21879
25462
29220
8719
11419
29564
2812
24835
9868
26498
30364
32591
32610
15381
27882
3219
8782
8558
18378
31602
30322
25846
22161
30524
28150
5129
1469
15562
2904
15354
12003
31402
20739
27480
9448
31869
20260
22640
20596
9628
17337
20755
28836
32514
234
22426
21503
23654
3485
4390
7596
23719
13381
26925
27362
18797
29690
3634
27807
6670
1999
11219
18845
7598
30816
1545
23682
4267
27562
22956
8790
8504
10016
9781
27963
10055
30715
17608
12120
5037
30161
28786
29207
23168
21353
9135
19856
23748
12750
28463
29765
5447
10658
11737
9999
3274
32437
14865
9560
22881
12758
2102
28043
11549
25833
19055
25033
14311
17722
424
9438
24751
28689
8151
17267
6599
1415
8068
32132
21641
23959
13448
17429
22592
4984
31253
16161
70
23338
16886
28628
9577
21840
26904
17146
13971
21821
21834
10166
17579
19793
65
32375
1462
21894
13279
29736
4930
70
23477
7591
26628
29056
4038
26489
24768
27642
15501
11708
17513
18665
3138
4188
6026
3519
30042
22410
16100
5188
4685
31850
13656
30952
9883
10764
22792
17239
29969
19102
5050
32079
19272
29920
25213
11182
26224
19928
142
24016
5451
12998
14716
18199
15228
16218
9867
5835
6658
1061
23382
549
256
334
17849
13478
20159
14726
17646
6829
24565
28989
15350
14921
21832
28182
9019
3660
21006
19097
23923
6049
6231
12841
21447
6367
9773
6453
7477
12317
14362
17842
13619
17161
21739
15304
1429
28980
18100
25291
18352
176
9492
30318
192
30941
21690
6195
7559
24448
8232
5414
28983
19477
19895
13259
7058
17767
22236
7765
6736
7517
9385
15640
2497
16151
30103
5441
22707
9017
20610
32709
29590
24199
10485
19607
10974
32435
6312
9758
22697
10610
21063
18662
2466
12757
12661
25494
11557
6103
3089
13090
4260
9779
10424
12097
10825
8824
32395
23330
30428
17246
8754
3674
28392
24923
1057
18978
22297
5490
25625
28351
28649
14924
7666
25921
18555
905
13209
4464
14535
8024
14421
8196
18168
5701
334
1300
31762
23891
16207
16081
27608
20043
26059
12404
29677
31315
798
10613
30265
2754
28182
27902
4750
9267
27826
19871
9100
32729
14377
12611
706
12050
558
4451
22549
15678
24435
19321
30822
9169
15212
21944
5999
17575
14677
11258
20718
24216
9846
2298
19718
12365
24998
16323
994
15697
23566
18792
25755
26987
5935
23286
25436
24108
17447
6055
12996
28356
26671
13144
11403
28186
10857
6461
11625
11035
11993
27348
26675
1873
8880
27415
29768
23480
24017
10742
6955
8142
15758
1028
10609
1770
7346
19057
18142
1998
3269
10040
6603
639
13451
4505
14794
30805
30670
26314
13709
2638
19549
31466
12292
12711
24661
13878
22726
26286
30111
4735
17330
10706
5818
3292
25558
8956
2235
24476
11664
19234
7826
6270
9202
21529
20878
24357
21867
17066
17188
32710
2980
28393
3052
3620
12969
24258
31724
13502
15177
11989
12313
1094
31935
32132
8475
22358
22930
3145
3921
7775
11193
2893
28693
10210
15363
17207
16449
14562
18614
4418
24561
2457
24438
27027
23435
31338
3689
21449
17917
5399
12441
5589
2118
11828
22938
268
19000
15067
9324
5498
22652
11938
27042
28538
11222
30154
8388
13188
30122
24505
28915
27717
21952
3498
13515
3829
7492
14756
30094
6629
17169
27048
8574
343
27951
25391
394
24211
13209
29396
12845
5431
68
23629
9108
25295
12382
1695
25855
3237
23251
14482
16233
8155
24598
31075
25451
30646
10014
27066
11870
32317
11183
10459
19136
23299
16858
6688
12248
1089
12999
7847
17565
26151
5810
5960
10709
5236
4148
17098
28538
14917
19652
19542
14689
15402
28285
7723
5918
16511
17186
19604
4898
4602
27743
11543
15654
4224
23889
28144
13261
9277
20809
16830
29060
26355
8141
29563
24749
30610
4576
30385
31486
11274
7300
18411
30755
5469
9340
12650
20395
2552
12118
18458
4641
10819
9641
13509
23929
4983
2716
7557
28847
13488
19623
17279
8874
31299
5022
10446
16486
17233
12267
21182
5714
21916
3866
31803
10487
17306
22940
19593
24795
30920
7620
26165
11685
24641
11286
25163
25729
22927
2241
3017
24006
28609
5738
28500
5591
1725
24107
4906
21831
29400
6364
27480
9280
11940
23953
24109
3365
8969
6499
27886
29302
13720
13428
21707
31732
4379
2093
15378
24326
23665
2762
16291
1628
21401
21529
29860
23762
30476
24446
12917
16279
17744
12091
14566
23438
13002
13550
1704
31220
21460
9051
29698
68
27919
3436
26053
10071
24058
30326
11394
11728
6596
14270
25594
2487
8799
24380
26326
23908
14806
27551
10905
13215
15840
2449
6098
18181
25013
13883
12950
22702
14880
27404
10029
23052
20438
14006
3852
28182
11270
26490
515
1446
4913
10918
18360
6944
25148
17756
15700
20821
16836
19092
17276
31143
9137
29284
18563
17773
16142
30336
17118
9881
32280
6141
12248
9112
4756
12890
27271
8825
9318
32704
28414
28498
20064
29321
24004
479
23896
18432
21381
18029
1405
14439
26888
28150
491
26687
28513
2446
21116
32451
15464
29949
3041
1462
7017
21678
28146
30302
13853
10952
13379
6097
2521
18330
21752
4719
15622
6460
8666
23728
26833
7795
32682
25888
11043
214
10165
7591
5332
6703
10152
19470
18460
26916
5030
17343
23370
14615
7832
27852
21432
330
3268
15411
19710
16199
13474
353
8294
20607
490
11508
8352
3889
12018
29893
15799
13965
10295
31014
9540
21018
20025
20328
13026
15445
2445
5537
17633
28827
25901
29611
18751
13384
8978
11632
5843
23329
32517
10853
26316
10991
5042
5717
602
8813
5630
32608
30891
10084
23194
5443
28953
24597
23000
28122
28066
15319
9662
29411
4504
28417
1626
23812
16537
26122
12372
24592
10690
29679
18890
27782
4896
16341
12631
10842
31079
13808
15221
4344
22503
32675
23046
16519
11451
18153
25133
106
3396
18675
25698
1805
24278
31763
19142
28382
1968
19672
12723
31897
11314
13947
11928
6857
19530
14969
30980
11916
21808
31618
10752
10646
31571
32658
1442
32120
28819
23902
735
21538
19120
22769
1441
12711
11778
13207
32537
25409
4203
13050
26711
24469
10379
9099
19224
31800
23858
23075
19679
7281
18715
30954
28743
15681
9943
31609
151
672
14599
20027
23447
10762
718
29977
3490
1594
25734
1366
29693
26678
28850
30391
22887
6539
3380
4072
16625
19418
13505
29211
21264
8595
27793
2034
8433
13313
16987
23455
12812
14983
26240
6218
4092
14121
13959
15026
17550
19533
19401
13592
32280
8131
25197
2649
19980
28420
11415
9306
13772
14519
26077
27048
30144
8058
15099
22112
21159
27102
22983
7245
17706
17331
15719
3665
18359
9351
2753
23302
13964
32617
4403
23204
30226
8179
17284
29734
21357
22663
15643
23976
21329
26072
10095
15380
25367
11180
5055
26109
8208
12001
7427
19915
10521
28846
26146
22297
11887
3884
18533
7003
13253
20245
17964
25028
14484
29387
5600
20071
15027
668
22824
3228
18215
27204
21600
30885
3388
4019
14919
3217
10197
18193
24567
5217
4352
18432
27931
28010
29645
2081
23644
21754
20577
7897
24604
2622
9798
5717
32615
18275
6405
19915
32550
22012
17143
20739
27542
17060
10840
18711
22009
29668
3229
27255
6796
10327
29703
1071
17080
8203
19321
5229
22412
29995
25735
1597
14443
26587
9167
31896
18946
8548
18316
20125
4477
12945
31848
6430
4091
20825
13458
2398
29247
6589
29969
17689
26792
22004
3416
5061
15203
4550
27930
11544
28383
32054
3167
20682
3201
25187
6616
2972
25498
12976
25455
19865
22166
28451
11555
13724
2166
28683
27155
13842
32384
20454
3032
30465
2612
32129
23576
6474
3971
14689
5208
16171
31548
610
10258
32263
32199
13726
29960
7530
24085
26000
19927
18248
30935
11386
4815
3461
16366
32259
19714
26810
20003
15397
32667
5175
25369
4934
9074
27460
23423
24997
221
11181
31114
11768
23496
16765
4515
29012
9736
9
28509
14412
11244
27696
1705
24413
28437
31714
17741
28298
9096
28383
6290
22595
770
9409
31549
8075
27276
5181
8129
10586
30286
18342
2739
15680
4008
690
12670
31052
8575
30081
29016
15660
26325
8411
29301
20629
1949
20410
19322
18662
30669
18952
31028
29192
19636
9385
32394
16024
31886
21180
16560
840
15446
23582
29598
386
28635
23856
10945
1359
24598
13275
25072
6776
11195
32209
4769
7403
9742
19477
10589
10335
6136
12221
28529
11067
5978
1015
15591
8372
26785
6474
1716
13878
7835
9758
7475
24582
27785
8319
11986
8485
24181
25886
25356
2679
27589
20376
8599
13604
6161
10235
23006
15423
5682
2439
24241
31142
8603
9905
10811
2601
493
3694
7733
23790
27845
22189
5210
21011
14808
20517
21275
11414
7491
10066
14995
23410
23580
5818
15805
24075
12109
3701
31717
18380
18594
29932
3676
9999
11808
25825
24176
21309
24473
3248
6043
26166
31357
4820
2555
25843
20467
9132
4354
23402
8488
3199
21103
28593
30183
1983
27005
12391
16747
7818
21082
8784
18801
17270
10714
20799
913
2702
5485
26681
23757
8856
26447
5335
8043
29594
21246
14828
27392
1692
17905
13672
29390
6830
14471
15740
30287
2861
2878
6399
10258
27459
17445
14097
30406
31405
16532
27134
27797
22465
12058
18789
6323
4783
26039
32665
14134
1543
26699
1607
2856
6267
13135
5721
7898
19431
7875
20251
24188
15758
28007
22684
16619
31654
23598
1368
29386
21528
17904
14099
14292
129
12127
2824
30320
21372
20284
4419
8582
19235
26315
4940
29842
11475
32388
11781
13815
3632
23307
17109
29589
28521
15970
1030
28061
19134
18782
8300
9124
15679
4439
21064
14327
11478
15908
21867
7471
3975
17478
2207
16901
14327
3940
15938
12135
19243
12536
52
19659
17299
26439
19188
16067
9543
4246
1029
5073
18320
24219
12183
13181
22442
24114
10595
17318
30920
10065
25815
30742
9561
18750
30835
89
13706
18175
30835
1998
12044
14355
25774
31742
16919
24927
11710
3373
6063
23147
5473
7471
21798
4814
28191
4221
30946
19431
32301
13704
29792
23246
2450
13901
10105
18058
18312
18474
8420
5765
18213
3568
18429
25917
1850
24633
21444
2875
17788
28668
13097
30281
18657
30558
19079
224
11085
27851
10862
24032
26222
27718
9125
27779
10212
19197
23663
2196
12454
2337
19214
10972
17313
5620
14726
28126
26530
6692
13987
19140
117
15447
6205
8856
847
5127
29371
26551
19049
16016
10710
31619
19438
19079
32416
5209
14359
27982
16068
16323
17044
14053
30991
21742
6959
14339
23343
27486
22956
20070
7355
10720
24819
2919
7028
448
32113
26833
3275
10813
17083
16371
26787
28730
27764
14068
29015
11830
18034
6247
31999
126
24604
18719
25583
2465
3862
20549
14465
23333
1313
9639
11285
22136
32060
14931
17749
6697
17423
28517
19390
20312
8074
28445
3164
27500
22986
7221
23508
14852
29500
2929
31144
17199
16388
15223
14519
25055
29856
32481
4355
7835
26056
19601
32439
8821
32665
27204
21097
22076
14323
9578
22172
498
32
3638
28297
128
31158
26865
4639
23465
29374
18835
19272
25661
27925
3476
6254
6799
13587
10240
22590
31528
19307
29642
8875
957
9810
98
13110
1119
3556
3209
18541
4338
6083
9061
7346
9952
1537
4048
23614
23311
3392
6646
15462
9232
17943
17183
6172
5273
19896
29641
13752
6709
22992
20474
6649
5178
17327
9684
3142
22267
20137
10858
12346
28480
11708
30930
22624
14835
3187
1916
30267
9244
7945
1985
19338
10000
32210
25535
16585
21732
20439
20069
1275
2344
2240
6602
23207
4562
15864
18371
13857
25721
22283
2228
4362
13252
7507
7334
5914
31009
28371
19098
4125
18106
6243
25117
11068
30117
6926
31517
3966
1114
24760
26619
21903
14699
9219
3553
20159
24175
3956
5974
15693
10047
22482
13584
25062
6502
21967
24841
617
2002
25323
22485
19949
30416
32148
15410
16901
31799
30866
6369
30019
28642
14754
13492
27386
100
19297
27881
21576
32760
18028
2486
25172
32183
21958
16677
3541
32526
23162
23586
30676
28014
29313
12754
18354
3141
26341
27943
10860
2862
17703
20658
22302
2148
10207
27832
15558
6013
29346
31623
15691
8277
1320
22538
6590
10824
10670
17052
29663
26532
17050
26650
2275
5469
31582
24380
2420
771
158
4133
13050
22258
917
14904
3609
25289
3253
3118
30330
7197
24973
613
20431
3438
496
32635
3089
21337
84
21276
26380
31248
14712
8984
31518
20232
12106
27321
4924
31473
2823
1107
24117
30699
2724
28956
26427
14327
23917
21310
30623
4011
13292
20011
17884
14635
1804
16689
5591
852
23166
4174
11877
314
32348
28485
18446
19925
5132
25329
22801
14327
23144
27866
25255
27265
1307
5382
9100
25815
9038
17938
21436
22417
22917
12161
19834
14708
29379
8787
18327
10400
3317
7129
1265
27658
25741
29385
7482
10541
878
23182
17147
8701
22280
12513
10968
3869
29124
18845
30741
27217
31650
11471
21081
15670
5664
31501
2226
18481
14175
27658
26074
5541
16513
7015
6585
19817
21333
6091
23594
23673
11062
26677
11522
17643
32048
31633
21839
10789
9061
13962
3549
27982
6063
5024
28415
28162
391
2426
3467
17226
23334
11133
26919
203
29161
14493
4035
23613
17914
3187
6759
18207
3373
9872
26415
20649
23848
15378
13460
25603
16583
1909
492
14004
15551
19115
22836
31581
1921
14190
26126
11431
30817
12757
32262
1146
29175
8485
32281
29552
19397
17130
8568
11401
32539
13383
13705
6432
6968
9611
20271
18717
17586
27652
25931
13165
17432
26136
29827
23215
26581
26001
4162
10800
15703
5177
1279
7962
25969
1703
28611
4584
2046
29016
28389
13341
10952
13314
20504
5686
28584
12068
24489
18909
32238
6114
15617
29791
6914
15888
22641
25952
13900
30861
32303
1486
27730
11218
4763
13075
17696
7882
25543
23183
12781
4581
13367
26949
3579
19560
25317
25556
9919
5127
21640
15018
3906
17077
534
11892
17095
28347
20616
22744
23214
22791
5597
11623
23448
5575
28513
1741
24012
9015
19759
5195
5338
25271
22261
15208
31358
10273
3575
16867
8390
21337
20567
21483
28535
10278
8595
14994
20654
22592
23631
22144
4291
29610
12629
13028
30066
13121
6106
17585
20541
20886
4867
10758
4108
26105
28839
32237
5655
30166
25943
5193
20997
12357
10651
12810
26965
2012
31871
5539
28158
7879
12110
25534
26706
14619
7838
19502
14376
10600
15500
31525
4410
27534
4169
10919
5836
25041
20182
26686
23183
26671
28939
25328
17092
12784
27358
21870
7076
9600
26594
24718
22528
10874
12558
27131
17701
7685
8128
21291
13826
24931
16897
7314
27021
14023
5131
18710
12386
24679
29449
5570
5549
13779
11549
22974
3915
9093
21159
8831
31020
18617
11461
24635
24572
10111
32022
13984
24322
6926
27332
17861
5448
2139
16577
32609
30204
31978
24912
23611
30742
12260
4808
1505
26939
6507
2452
18589
26593
5162
21375
24997
18613
15664
2095
32146
27449
1534
25326
31507
16818
11486
10673
17891
4161
3959
1362
24056
10064
2975
12065
24318
7471
25200
6043
7171
19199
20894
27257
9076
4304
22279
5101
16200
9478
21132
11048
17787
29441
31264
26143
19646
19709
21534
31375
6509
30006
11232
4158
22209
16976
13453
10373
28743
25335
20018
7947
8080
1219
8469
10195
554
25182
838
28281
19408
31976
23670
15032
26846
1178
31756
15920
9480
13482
5494
28518
10826
9839
22205
5645
27682
24518
19805
27780
21246
8372
3411
31391
15344
13389
20087
3498
8361
18644
29708
29099
31653
4899
12950
20456
15523
16717
18411
22185
24920
131
31117
3647
1636
6708
19767
32581
1157
27768
12214
3622
28171
16815
32250
12256
140
19301
9325
23559
24280
17530
18564
24588
10031
32383
12435
30655
14770
24162
24037
20243
17176
3150
3340
20769
24482
23245
4214
26736
27217
10544
14657
5236
19542
17712
16976
30804
24778
4053
29087
18161
16543
27031
25555
12323
2775
10692
13846
13125
31987
9505
545
31477
28591
2004
24730
9749
3052
1665
26017
8725
19438
10932
19366
31349
7367
15999
16509
16773
13331
7012
2228
30320
28134
24692
27940
3192
18179
21433
9926
30595
18255
29394
15560
25047
28805
30429
2272
28450
1322
20378
21985
12477
15300
22988
19596
12081
12871
21731
8872
11515
13776
23513
16469
1676
12949
25946
20381
21396
24604
3879
27212
11648
32172
14524
23041
16193
13058
12593
7814
592
26948
31838
11869
19695
12347
29506
9627
5553
956
17318
22266
4156
1383
4861
29481
1870
32405
18575
14950
6142
16011
17110
27727
12869
10484
31784
27125
700
2190
25239
15923
10663
31267
26390
62
25395
955
2013
17532
1276
11280
23054
3994
29906
9794
22168
32729
31933
26060
28251
8360
8254
11959
10638
7288
22232
30221
22110
16588
20431
9873
2776
2191
9008
7597
32265
8363
5137
29868
31844
6871
18458
27177
31588
17072
6213
32711
4210
18700
24289
8227
20232
14731
26333
24839
21015
28271
24643
13793
29862
30381
32259
9843
32188
8771
8434
24011
17281
10445
13330
9590
2464
7763
7700
8433
7919
10854
27675
23904
32338
13675
6595
2434
30429
54
6754
27109
7992
23003
1934
23894
6216
26560
6367
1436
25355
13303
18677
26726
19908
30155
19389
7297
15449
18585
14833
22350
20473
17634
5598
28276
12801
12189
3434
8658
1569
13266
7509
16824
18363
23140
31167
1366
5771
13359
24555
9588
13965
27218
13634
3940
18203
10446
6043
17461
30038
5969
17081
14378
11720
21580
28437
18026
4424
9803
3550
3321
12573
22406
1599
17639
22118
28595
22496
27336
22713
16415
18095
19300
18442
30205
29664
18607
28110
9982
2098
27387
26977
3106
21365
4716
27557
24269
1353
23724
21997
3101
25384
4833
16409
12923
8103
13276
10754
7536
14072
28307
23576
13242
29876
8402
15177
2976
1751
11821
5157
6530
16909
17209
8512
11444
31532
22780
20696
11917
6657
3233
3512
22458
18767
8048
3932
20440
26645
13054
30038
27459
8208
5537
12785
31528
17793
13095
2067
25570
25648
32200
8296
28035
7601
25432
31164
688
15590
8898
14505
20915
8901
5553
6771
971
28763
17040
3888
32454
4625
19125
16172
25810
4143
2265
32651
18065
18590
29644
31280
15211
30194
6502
3294
21544
10152
17857
9117
7102
4011
10917
4704
6759
18717
6980
12772
3831
31829
12328
17371
21101
1060
26473
25162
6600
30813
5411
32304
2588
16788
14375
12648
21220
6693
1777
26576
17050
8313
18651
9131
2437
24196
20368
24900
7891
27282
9410
24021
31719
1348
16416
17830
8692
22741
22914
3449
7627
15778
11111
31526
32241
10218
14754
8579
28405
8914
28752
21382
29184
31916
12045
21166
25006
2168
5224
15518
14620
6315
7572
31756
20803
5936
28256
16601
2180
24237
21864
17281
2179
14599
24717
22454
7737
10024
5540
4680
22597
22016
9067
1608
24451
25801
7873
23917
15840
24720
8214
20406
1901
6385
21792
15953
6578
12834
23247
30140
25924
6195
29572
23338
30106
14227
28030
2344
11036
7895
19860
8064
23421
28087
4650
19038
19531
13657
8798
17585
15300
11731
15746
22996
27628
25835
32463
10862
25564
18976
18775
14487
23389
15343
12348
32572
1205
31311
12064
6340
10433
8830
18140
14579
18756
6143
21109
32271
15743
32484
10316
23874
32002
11081
23444
11840
3265
10785
12809
6697
17002
18229
8671
29105
20982
13417
27641
11902
22911
13889
9820
9170
24401
31141
19171
8809
30275
30433
7732
5029
31816
1520
754
20456
10049
2042
3381
13377
21525
18971
27191
15180
19460
1382
28752
7507
29752
8234
27428
15289
7069
5235
30747
23449
23283
8148
1809
29610
15138
8292
21327
4454
5581
17159
26810
6507
25641
26351
2379
26401
28688
23138
1727
3997
6993
21693
25744
19397
12619
20921
22051
19893
30394
12781
27971
1378
27600
17556
3278
6269
29832
7825
29614
4507
23351
25264
29707
2706
24931
24367
10943
22054
21209
9341
19211
27877
20218
31041
21128
8527
15446
20382
14688
24378
6780
8117
29373
31349
9743
19308
20866
20652
797
28526
9530
17035
25005
17780
9037
18470
20631
31682
28794
9369
12953
9716
24193
31979
2470
11002
12832
22073
3201
21602
1345
16144
14987
25301
6514
10266
25050
19429
11925
12285
19338
1286
12761
26240
600
32729
22761
19184
26476
15281
32099
2498
2423
4176
19595
15737
29182
5617
8001
14026
23798
20108
3632
4094
3728
29781
5705
3993
15190
4485
24944
7737
13943
17758
1908
21440
23135
23145
23365
24501
24459
4611
6241
20712
5532
18711
1168
85
12970
23085
22993
9035
11482
24740
3220
18638
21043
16699
16937
17977
4781
7127
2937
22312
12427
2688
14324
29844
19179
20908
21706
10048
30364
26048
11358
22868
22831
27092
23032
27464
31313
2998
17849
4100
16216
24882
7381
13382
17691
10897
6652
30019
3079
7776
12825
27281
10863
8819
31039
18244
31012
5673
21472
5720
28230
4592
18497
5711
6745
16396
1066
30746
31643
12949
27362
1341
7061
23231
16219
28975
10993
1375
16041
23039
3979
170
16056
15421
